3 64 1237 1431 1553 3219 
900 1072 1309 
1144 1282 1396 1556 2381 2382 
382 431 696 869 1174 1236 2352 
280 1563 3062 
296 1226 2853 
1 5 13 20 65 72 81 103 138 150 151 158 208 211 218 221 269 287 292 318 398 404 409 438 445 486 501 502 503 506 509 517 518 535 558 591 594 648 651 717 826 918 946 975 997 1011 1019 1023 1035 1051 1097 1105 1115 1131 1145 1146 1152 1167 1197 1206 1251 1313 1341 1353 1358 1444 1462 1463 1482 1493 1527 1529 1534 1575 1583 1584 1587 1666 1718 1736 1838 1843 1871 1875 1894 1896 1901 1902 1925 1944 2039 2048 2052 2109 2130 2141 2152 2170 2187 2227 2330 2360 2379 2387 2414 2428 2433 2478 2584 2647 2648 2702 2703 2704 2705 2706 2707 2708 2709 2710 2711 2712 2854 2891 2900 2906 2919 2933 2966 2976 3072 3080 3151 3199 3213 3228 3234 3235 3236 3246 3311 
666 1487 1491 2138 3140 
368 1199 1993 
420 463 1365 1504 1850 1933 2539 2540 3008 
530 664 1017 1203 1621 1966 2438 
161 2003 2735 3070 
792 2160 2476 
568 1839 3023 
3 64 1237 1431 1553 3219 
282 523 1163 1224 1840 2348 2349 3040 3041 
496 861 1171 2178 3240 
26 222 1392 2857 
900 1072 1309 
38 39 49 66 77 98 105 134 136 148 170 172 177 189 195 217 241 260 313 336 353 357 386 390 402 422 458 466 483 491 498 510 512 544 561 565 575 576 598 599 600 603 611 620 675 682 716 749 761 776 781 813 864 871 874 876 877 881 885 889 904 940 955 964 976 999 1001 1030 1042 1044 1058 1062 1070 1075 1078 1091 1119 1120 1155 1165 1180 1211 1222 1253 1259 1319 1320 1328 1330 1346 1355 1359 1366 1373 1379 1381 1384 1395 1406 1407 1409 1412 1414 1445 1448 1468 1471 1486 1510 1544 1557 1561 1577 1585 1600 1603 1618 1619 1634 1659 1672 1699 1702 1754 1755 1770 1774 1802 1823 1864 1867 1874 1882 1885 1887 1915 1916 1940 1948 1953 1971 1973 1987 2007 2017 2020 2041 2062 2068 2103 2105 2144 2159 2174 2208 2228 2232 2233 2237 2250 2284 2297 2302 2308 2320 2321 2322 2323 2341 2342 2350 2351 2353 2354 2357 2358 2363 2364 2369 2371 2372 2373 2374 2375 2388 2389 2399 2410 2413 2431 2434 2439 2442 2455 2462 2467 2484 2494 2509 2510 2511 2545 2552 2571 2580 2581 2583 2605 2623 2624 2629 2651 2652 2654 2684 2687 2698 2737 2738 2749 2770 2779 2780 2799 2803 2827 2848 2861 2866 2867 2874 2875 2878 2894 2895 2896 2897 2954 2959 2984 2994 3002 3025 3045 3128 3138 3144 3145 3162 3164 3187 3224 3227 3269 3270 
279 688 1928 2326 
206 406 733 772 1296 1546 
1314 3094 3095 
389 1984 2111 2989 2990 
666 1487 1491 2138 3140 
713 1787 2209 2554 2555 2588 
296 1226 2853 
1623 1627 1938 
1285 1523 3169 3170 3171 3172 3173 
17 18 28 32 56 62 70 80 83 84 87 92 130 142 159 173 178 194 203 205 212 215 226 228 234 265 294 300 304 316 317 319 332 359 371 379 383 392 393 397 405 411 412 419 429 430 440 442 455 462 465 469 476 478 484 485 489 494 504 516 519 531 540 541 545 547 550 555 563 564 566 567 573 579 582 584 587 610 615 624 634 637 638 642 647 649 654 670 676 698 707 721 729 736 745 771 774 783 790 798 802 808 809 811 812 819 822 853 854 856 860 865 879 911 915 921 922 923 924 927 928 974 989 991 1000 1002 1004 1027 1033 1039 1046 1049 1052 1068 1077 1085 1087 1094 1102 1103 1107 1116 1135 1147 1162 1170 1200 1210 1221 1225 1233 1239 1247 1256 1265 1272 1280 1303 1307 1310 1311 1318 1324 1326 1335 1385 1387 1410 1419 1423 1426 1435 1437 1449 1455 1464 1472 1474 1477 1478 1485 1516 1521 1522 1525 1531 1536 1545 1562 1565 1571 1573 1578 1615 1620 1654 1656 1660 1678 1683 1684 1693 1710 1727 1753 1771 1778 1789 1791 1797 1813 1817 1826 1836 1842 1851 1854 1865 1868 1907 1919 1921 1924 1932 1939 1945 1946 1970 1992 1999 2005 2025 2028 2054 2055 2059 2066 2085 2100 2112 2120 2132 2134 2153 2154 2177 2179 2184 2189 2203 2210 2212 2215 2220 2245 2249 2252 2255 2258 2259 2266 2275 2278 2292 2296 2301 2312 2314 2315 2316 2335 2339 2383 2391 2440 2441 2447 2448 2449 2450 2451 2452 2463 2464 2486 2495 2496 2497 2531 2557 2562 2578 2602 2606 2608 2609 2610 2611 2612 2631 2643 2646 2657 2673 2713 2721 2726 2729 2730 2731 2734 2739 2740 2752 2763 2771 2776 2814 2815 2816 2817 2819 2835 2836 2837 2844 2845 2898 2899 2901 2902 2910 2911 2913 2918 2920 2921 2931 2932 2950 2951 2963 2973 2977 2993 3009 3010 3012 3017 3018 3026 3029 3039 3046 3047 3048 3060 3068 3117 3118 3119 3120 3125 3139 3146 3147 3148 3153 3202 3215 3216 3217 3218 3221 3231 3232 3244 3257 3282 3284 3288 3294 3299 3317 3318 
38 39 49 66 77 98 105 134 136 148 170 172 177 189 195 217 241 260 313 336 353 357 386 390 402 422 458 466 483 491 498 510 512 544 561 565 575 576 598 599 600 603 611 620 675 682 716 749 761 776 781 813 864 871 874 876 877 881 885 889 904 940 955 964 976 999 1001 1030 1042 1044 1058 1062 1070 1075 1078 1091 1119 1120 1155 1165 1180 1211 1222 1253 1259 1319 1320 1328 1330 1346 1355 1359 1366 1373 1379 1381 1384 1395 1406 1407 1409 1412 1414 1445 1448 1468 1471 1486 1510 1544 1557 1561 1577 1585 1600 1603 1618 1619 1634 1659 1672 1699 1702 1754 1755 1770 1774 1802 1823 1864 1867 1874 1882 1885 1887 1915 1916 1940 1948 1953 1971 1973 1987 2007 2017 2020 2041 2062 2068 2103 2105 2144 2159 2174 2208 2228 2232 2233 2237 2250 2284 2297 2302 2308 2320 2321 2322 2323 2341 2342 2350 2351 2353 2354 2357 2358 2363 2364 2369 2371 2372 2373 2374 2375 2388 2389 2399 2410 2413 2431 2434 2439 2442 2455 2462 2467 2484 2494 2509 2510 2511 2545 2552 2571 2580 2581 2583 2605 2623 2624 2629 2651 2652 2654 2684 2687 2698 2737 2738 2749 2770 2779 2780 2799 2803 2827 2848 2861 2866 2867 2874 2875 2878 2894 2895 2896 2897 2954 2959 2984 2994 3002 3025 3045 3128 3138 3144 3145 3162 3164 3187 3224 3227 3269 3270 
283 1045 1596 3252 3253 
666 1487 1491 2138 3140 
245 1066 1827 3124 3189 3203 3204 
2573 2574 2575 
789 3176 3177 
389 1984 2111 2989 2990 
538 623 632 1506 
1314 3094 3095 
1080 1348 2595 
666 1487 1491 2138 3140 
382 431 696 869 1174 1236 2352 
1598 2248 2285 
149 209 210 348 364 1766 1991 3183 
282 523 1163 1224 1840 2348 2349 3040 3041 
801 1391 2756 
443 857 1299 1828 2406 
10 12 16 25 27 29 30 31 34 40 42 48 51 59 69 75 79 124 137 144 147 153 154 157 180 181 184 197 213 220 224 229 231 242 243 246 258 263 289 298 302 303 307 314 322 340 346 347 351 361 365 373 377 388 394 395 396 414 428 433 434 435 444 451 453 460 464 468 492 493 495 499 527 528 529 532 548 549 557 559 585 586 590 595 607 616 622 630 631 633 677 680 681 686 691 693 705 719 744 748 755 770 773 775 794 799 807 816 835 839 847 850 851 875 878 880 886 887 894 895 905 912 930 931 937 941 953 962 965 966 968 978 981 982 985 992 993 994 1008 1009 1010 1012 1013 1015 1034 1041 1050 1054 1064 1071 1096 1112 1117 1122 1128 1130 1136 1150 1157 1161 1176 1190 1198 1202 1214 1219 1230 1232 1238 1242 1257 1273 1281 1290 1292 1300 1301 1333 1342 1343 1351 1357 1362 1386 1398 1399 1422 1427 1439 1440 1453 1470 1476 1480 1484 1492 1517 1533 1558 1567 1570 1580 1582 1590 1599 1605 1607 1609 1617 1622 1625 1630 1635 1640 1644 1647 1657 1658 1663 1668 1696 1697 1703 1708 1724 1725 1731 1740 1751 1757 1758 1760 1761 1777 1811 1812 1825 1831 1834 1853 1877 1879 1880 1883 1910 1920 1923 1943 1956 1961 1965 1980 1986 1989 1996 2021 2023 2024 2032 2033 2045 2047 2057 2063 2064 2070 2073 2091 2097 2110 2113 2115 2116 2121 2124 2125 2139 2151 2162 2166 2181 2182 2183 2185 2196 2199 2200 2204 2205 2206 2211 2217 2224 2226 2230 2234 2235 2242 2244 2247 2253 2254 2257 2264 2277 2282 2298 2299 2311 2319 2324 2328 2331 2356 2361 2362 2370 2390 2396 2397 2398 2401 2404 2405 2415 2416 2417 2418 2422 2426 2427 2429 2435 2443 2444 2466 2473 2474 2475 2481 2487 2488 2490 2506 2507 2520 2522 2523 2527 2542 2564 2577 2585 2586 2592 2594 2596 2597 2598 2599 2621 2622 2625 2626 2637 2638 2639 2640 2641 2649 2650 2655 2663 2664 2665 2668 2675 2676 2678 2714 2715 2717 2718 2719 2720 2728 2736 2759 2774 2775 2782 2783 2784 2785 2786 2797 2820 2821 2822 2823 2824 2825 2826 2828 2829 2830 2839 2846 2859 2860 2862 2868 2869 2870 2880 2882 2886 2887 2912 2925 2926 2927 2967 2968 2991 3013 3014 3027 3028 3030 3034 3073 3086 3093 3114 3149 3150 3186 3198 3263 3266 
176 795 2679 2750 
230 1856 1968 2979 
96 339 1322 
496 861 1171 2178 3240 
82 1548 2271 3268 
14 146 1248 
279 688 1928 2326 
933 1905 1977 
1285 1523 3169 3170 3171 3172 3173 
68 829 1082 1450 1505 2411 3273 
109 1454 2658 2659 
1254 2722 2723 
301 752 1204 
291 873 2693 3225 
206 406 733 772 1296 1546 
1093 2161 2423 2424 
149 209 210 348 364 1766 1991 3183 
68 829 1082 1450 1505 2411 3273 
38 39 49 66 77 98 105 134 136 148 170 172 177 189 195 217 241 260 313 336 353 357 386 390 402 422 458 466 483 491 498 510 512 544 561 565 575 576 598 599 600 603 611 620 675 682 716 749 761 776 781 813 864 871 874 876 877 881 885 889 904 940 955 964 976 999 1001 1030 1042 1044 1058 1062 1070 1075 1078 1091 1119 1120 1155 1165 1180 1211 1222 1253 1259 1319 1320 1328 1330 1346 1355 1359 1366 1373 1379 1381 1384 1395 1406 1407 1409 1412 1414 1445 1448 1468 1471 1486 1510 1544 1557 1561 1577 1585 1600 1603 1618 1619 1634 1659 1672 1699 1702 1754 1755 1770 1774 1802 1823 1864 1867 1874 1882 1885 1887 1915 1916 1940 1948 1953 1971 1973 1987 2007 2017 2020 2041 2062 2068 2103 2105 2144 2159 2174 2208 2228 2232 2233 2237 2250 2284 2297 2302 2308 2320 2321 2322 2323 2341 2342 2350 2351 2353 2354 2357 2358 2363 2364 2369 2371 2372 2373 2374 2375 2388 2389 2399 2410 2413 2431 2434 2439 2442 2455 2462 2467 2484 2494 2509 2510 2511 2545 2552 2571 2580 2581 2583 2605 2623 2624 2629 2651 2652 2654 2684 2687 2698 2737 2738 2749 2770 2779 2780 2799 2803 2827 2848 2861 2866 2867 2874 2875 2878 2894 2895 2896 2897 2954 2959 2984 2994 3002 3025 3045 3128 3138 3144 3145 3162 3164 3187 3224 3227 3269 3270 
1141 1241 1694 
310 2936 2937 
1598 2248 2285 
1285 1523 3169 3170 3171 3172 3173 
2573 2574 2575 
710 1159 2086 2754 2755 
655 687 3201 
1144 1282 1396 1556 2381 2382 
1118 1194 3280 
131 268 935 1581 2590 3233 3242 3324 
1003 1216 1801 
1173 2794 2796 
443 857 1299 1828 2406 
1314 3094 3095 
1626 1897 2856 
457 1377 1438 
67 671 1960 
754 1215 2923 
310 2936 2937 
538 623 632 1506 
1220 1629 2472 
1695 2037 3090 3091 
524 806 1537 2787 2938 
296 1226 2853 
801 1391 2756 
283 1045 1596 3252 3253 
655 687 3201 
245 1066 1827 3124 3189 3203 3204 
1598 2248 2285 
1539 2653 3291 
301 752 1204 
1144 1282 1396 1556 2381 2382 
82 1548 2271 3268 
437 635 2922 
1182 1367 2947 2960 
530 664 1017 1203 1621 1966 2438 
368 1199 1993 
1153 3078 3079 
245 1066 1827 3124 3189 3203 3204 
568 1839 3023 
68 829 1082 1450 1505 2411 3273 
1173 2794 2796 
17 18 28 32 56 62 70 80 83 84 87 92 130 142 159 173 178 194 203 205 212 215 226 228 234 265 294 300 304 316 317 319 332 359 371 379 383 392 393 397 405 411 412 419 429 430 440 442 455 462 465 469 476 478 484 485 489 494 504 516 519 531 540 541 545 547 550 555 563 564 566 567 573 579 582 584 587 610 615 624 634 637 638 642 647 649 654 670 676 698 707 721 729 736 745 771 774 783 790 798 802 808 809 811 812 819 822 853 854 856 860 865 879 911 915 921 922 923 924 927 928 974 989 991 1000 1002 1004 1027 1033 1039 1046 1049 1052 1068 1077 1085 1087 1094 1102 1103 1107 1116 1135 1147 1162 1170 1200 1210 1221 1225 1233 1239 1247 1256 1265 1272 1280 1303 1307 1310 1311 1318 1324 1326 1335 1385 1387 1410 1419 1423 1426 1435 1437 1449 1455 1464 1472 1474 1477 1478 1485 1516 1521 1522 1525 1531 1536 1545 1562 1565 1571 1573 1578 1615 1620 1654 1656 1660 1678 1683 1684 1693 1710 1727 1753 1771 1778 1789 1791 1797 1813 1817 1826 1836 1842 1851 1854 1865 1868 1907 1919 1921 1924 1932 1939 1945 1946 1970 1992 1999 2005 2025 2028 2054 2055 2059 2066 2085 2100 2112 2120 2132 2134 2153 2154 2177 2179 2184 2189 2203 2210 2212 2215 2220 2245 2249 2252 2255 2258 2259 2266 2275 2278 2292 2296 2301 2312 2314 2315 2316 2335 2339 2383 2391 2440 2441 2447 2448 2449 2450 2451 2452 2463 2464 2486 2495 2496 2497 2531 2557 2562 2578 2602 2606 2608 2609 2610 2611 2612 2631 2643 2646 2657 2673 2713 2721 2726 2729 2730 2731 2734 2739 2740 2752 2763 2771 2776 2814 2815 2816 2817 2819 2835 2836 2837 2844 2845 2898 2899 2901 2902 2910 2911 2913 2918 2920 2921 2931 2932 2950 2951 2963 2973 2977 2993 3009 3010 3012 3017 3018 3026 3029 3039 3046 3047 3048 3060 3068 3117 3118 3119 3120 3125 3139 3146 3147 3148 3153 3202 3215 3216 3217 3218 3221 3231 3232 3244 3257 3282 3284 3288 3294 3299 3317 3318 
279 688 1928 2326 
10 12 16 25 27 29 30 31 34 40 42 48 51 59 69 75 79 124 137 144 147 153 154 157 180 181 184 197 213 220 224 229 231 242 243 246 258 263 289 298 302 303 307 314 322 340 346 347 351 361 365 373 377 388 394 395 396 414 428 433 434 435 444 451 453 460 464 468 492 493 495 499 527 528 529 532 548 549 557 559 585 586 590 595 607 616 622 630 631 633 677 680 681 686 691 693 705 719 744 748 755 770 773 775 794 799 807 816 835 839 847 850 851 875 878 880 886 887 894 895 905 912 930 931 937 941 953 962 965 966 968 978 981 982 985 992 993 994 1008 1009 1010 1012 1013 1015 1034 1041 1050 1054 1064 1071 1096 1112 1117 1122 1128 1130 1136 1150 1157 1161 1176 1190 1198 1202 1214 1219 1230 1232 1238 1242 1257 1273 1281 1290 1292 1300 1301 1333 1342 1343 1351 1357 1362 1386 1398 1399 1422 1427 1439 1440 1453 1470 1476 1480 1484 1492 1517 1533 1558 1567 1570 1580 1582 1590 1599 1605 1607 1609 1617 1622 1625 1630 1635 1640 1644 1647 1657 1658 1663 1668 1696 1697 1703 1708 1724 1725 1731 1740 1751 1757 1758 1760 1761 1777 1811 1812 1825 1831 1834 1853 1877 1879 1880 1883 1910 1920 1923 1943 1956 1961 1965 1980 1986 1989 1996 2021 2023 2024 2032 2033 2045 2047 2057 2063 2064 2070 2073 2091 2097 2110 2113 2115 2116 2121 2124 2125 2139 2151 2162 2166 2181 2182 2183 2185 2196 2199 2200 2204 2205 2206 2211 2217 2224 2226 2230 2234 2235 2242 2244 2247 2253 2254 2257 2264 2277 2282 2298 2299 2311 2319 2324 2328 2331 2356 2361 2362 2370 2390 2396 2397 2398 2401 2404 2405 2415 2416 2417 2418 2422 2426 2427 2429 2435 2443 2444 2466 2473 2474 2475 2481 2487 2488 2490 2506 2507 2520 2522 2523 2527 2542 2564 2577 2585 2586 2592 2594 2596 2597 2598 2599 2621 2622 2625 2626 2637 2638 2639 2640 2641 2649 2650 2655 2663 2664 2665 2668 2675 2676 2678 2714 2715 2717 2718 2719 2720 2728 2736 2759 2774 2775 2782 2783 2784 2785 2786 2797 2820 2821 2822 2823 2824 2825 2826 2828 2829 2830 2839 2846 2859 2860 2862 2868 2869 2870 2880 2882 2886 2887 2912 2925 2926 2927 2967 2968 2991 3013 3014 3027 3028 3030 3034 3073 3086 3093 3114 3149 3150 3186 3198 3263 3266 
524 806 1537 2787 2938 
1626 1897 2856 
710 1159 2086 2754 2755 
1 5 13 20 65 72 81 103 138 150 151 158 208 211 218 221 269 287 292 318 398 404 409 438 445 486 501 502 503 506 509 517 518 535 558 591 594 648 651 717 826 918 946 975 997 1011 1019 1023 1035 1051 1097 1105 1115 1131 1145 1146 1152 1167 1197 1206 1251 1313 1341 1353 1358 1444 1462 1463 1482 1493 1527 1529 1534 1575 1583 1584 1587 1666 1718 1736 1838 1843 1871 1875 1894 1896 1901 1902 1925 1944 2039 2048 2052 2109 2130 2141 2152 2170 2187 2227 2330 2360 2379 2387 2414 2428 2433 2478 2584 2647 2648 2702 2703 2704 2705 2706 2707 2708 2709 2710 2711 2712 2854 2891 2900 2906 2919 2933 2966 2976 3072 3080 3151 3199 3213 3228 3234 3235 3236 3246 3311 
283 1045 1596 3252 3253 
1118 1194 3280 
67 671 1960 
524 806 1537 2787 2938 
280 1563 3062 
68 829 1082 1450 1505 2411 3273 
612 1316 3015 
713 1787 2209 2554 2555 2588 
389 1984 2111 2989 2990 
443 857 1299 1828 2406 
538 623 632 1506 
801 1391 2756 
46 1047 3237 
710 1159 2086 2754 2755 
1695 2037 3090 3091 
323 539 697 1783 
96 339 1322 
230 1856 1968 2979 
283 1045 1596 3252 3253 
96 339 1322 
459 757 1420 2099 
443 857 1299 1828 2406 
496 861 1171 2178 3240 
713 1787 2209 2554 2555 2588 
1182 1367 2947 2960 
1182 1367 2947 2960 
1144 1282 1396 1556 2381 2382 
58 284 740 742 1380 1416 2009 
1623 1627 1938 
1093 2161 2423 2424 
789 3176 3177 
230 1856 1968 2979 
280 1563 3062 
1254 2722 2723 
