64 
900 
1556 
869 
280 
296 
72 
1491 
1199 
1365 
1203 
2003 
792 
568 
3 
1163 
3240 
222 
1309 
1119 
2326 
1546 
3095 
1984 
1487 
2209 
2853 
1938 
3170 
1437 
2354 
1045 
3140 
1066 
2575 
3176 
2111 
632 
3094 
1348 
666 
696 
2248 
1991 
2349 
1391 
1299 
2828 
176 
2979 
339 
2178 
1548 
1248 
279 
1977 
3172 
829 
109 
2723 
752 
291 
772 
2424 
209 
1450 
1471 
1141 
2936 
2285 
3169 
2573 
1159 
687 
1144 
1194 
131 
1003 
2794 
2406 
1314 
1897 
1377 
671 
1215 
2937 
1506 
1220 
1695 
2787 
1226 
801 
3252 
3201 
3203 
1598 
1539 
301 
2382 
2271 
2922 
2960 
1621 
368 
1153 
1827 
3023 
68 
1173 
642 
1928 
2860 
2938 
1626 
2754 
1575 
283 
1118 
67 
806 
1563 
3273 
612 
1787 
2990 
443 
623 
2756 
46 
2086 
2037 
1783 
96 
1968 
1596 
1322 
757 
1828 
1171 
2555 
1182 
1367 
2381 
1416 
1623 
2161 
3177 
1856 
3062 
1254 
