1280 
2682 
2584 
828 
1365 
1933 
2187 
216 
2613 
2613 
828 
1933 
1933 
771 
3008 
2329 
73 
3292 
3213 
1275 
3008 
1933 
974 
588 
602 
73 
1936 
81 
2613 
1675 
70 
2210 
1858 
1529 
3035 
216 
1255 
1255 
1365 
2791 
2094 
2613 
650 
221 
1842 
1936 
1675 
3292 
2539 
2517 
332 
2540 
1275 
463 
2682 
695 
588 
2516 
1031 
247 
1272 
1936 
1031 
2536 
602 
247 
2537 
1031 
2539 
1779 
2812 
497 
1294 
2812 
497 
1152 
420 
2379 
2614 
2537 
537 
2517 
2536 
2613 
668 
2094 
588 
2329 
1031 
602 
650 
822 
2094 
2613 
2540 
2618 
178 
2791 
588 
2539 
695 
1031 
138 
1221 
1419 
2517 
2682 
2031 
2812 
497 
463 
2152 
1655 
3008 
828 
1365 
2539 
463 
1889 
2682 
1655 
497 
588 
2613 
2906 
2617 
832 
1684 
2618 
218 
1504 
2540 
1031 
918 
2537 
2578 
2682 
832 
1779 
3292 
2539 
2614 
1655 
3311 
72 
2000 
1275 
602 
602 
1255 
