6
14
19
26
33
45
65
75
79
82
85
90
91
92
93
94
95
97
108
112
118
121
129
143
155
161
187
190
206
209
217
218
222
229
234
236
239
255
258
259
261
265
279
280
285
287
288
294
295
306
314
331
332
337
341
345
350
362
372
374
375
380
381
390
398
403
413
421
426
427
428
433
435
443
447
449
451
463
468
474
475
481
489
491
495
498
503
518
520
527
528
529
532
534
541
542
549
555
564
576
580
582
587
597
598
599
605
606
608
611
613
614
618
621
624
626
628
644
646
647
655
656
658
662
677
686
690
691
692
697
703
725
727
730
731
736
738
739
740
746
750
752
753
758
766
768
769
770
774
776
779
784
786
795
798
804
805
809
820
822
823
831
834
838
841
843
848
850
853
869
872
874
875
878
879
880
885
886
889
890
893
898
899
914
916
918
925
936
941
942
952
953
956
964
972
973
981
984
985
993
997
999
1005
1016
1037
1046
1051
1053
1061
1068
1073
1076
1077
1086
1089
1103
1107
1109
1118
1121
1123
1128
1130
1137
1139
1148
1149
1150
1153
1156
1165
1171
1176
1180
1184
1192
1195
1206
1221
1226
1228
1229
1248
1249
1251
1258
1260
1262
1263
1268
1272
1275
1278
1282
1288
1291
1300
1307
1313
1315
1329
1332
1339
1345
1346
1355
1362
1369
1371
1377
1378
1379
1391
1393
1408
1409
1416
1423
1433
1434
1435
1438
1439
1440
1442
1449
1462
1487
1491
1493
1494
1502
1506
1508
1511
1512
1533
1537
1544
1546
1553
1555
1556
1561
1565
1566
1569
1575
1578
1585
1592
1594
1607
1611
1617
1620
1621
1623
1624
1625
1631
1633
1634
1635
1639
1645
1648
1656
1674
1679
1680
1686
1689
1695
1700
1703
1705
1709
1717
1721
1724
1725
1730
1734
1738
1742
1749
1767
1768
1781
1793
1798
1810
1819
1820
1824
1830
1836
1838
1845
1848
1852
1853
1854
1855
1858
1859
1862
1864
1868
1870
1881
1882
1896
1904
1905
1910
1912
1918
1924
1925
1927
1943
1953
1957
1958
1963
1964
1968
1978
1985
1990
1992
1997
1999
2000
2001
2002
2017
2028
2034
2039
2044
2062
2064
2065
2066
2072
2073
2075
2077
2079
2082
2083
2094
2098
2099
2114
2117
2120
2122
2129
2135
2148
2151
2153
2156
2157
2161
2162
2164
2167
2177
2179
2189
2191
2192
2193
2194
2195
2212
2214
2218
2224
2226
2227
2228
2232
2237
2242
2248
2256
2262
2267
2270
2271
2273
2277
2289
2293
2299
2300
2321
2325
2328
2333
2343
2350
2353
2354
2356
2371
2372
2377
2379
2382
2386
2392
2397
2400
2402
2409
2410
2420
2421
2425
2432
2441
2446
2449
2450
2451
2466
2467
2476
2485
2488
2489
2491
2497
2519
2522
2529
2531
2537
2548
2554
2567
2569
2571
2589
2597
2598
2601
2602
2607
2608
2610
2611
2622
2636
2639
2640
2643
2646
2663
2667
2672
2681
2692
2694
2698
2700
2701
2708
2735
2741
2743
2751
2752
2760
2764
2765
2778
2784
2790
2799
2800
2804
2808
2809
2812
2822
2823
2827
2835
2838
2845
2851
2855
2858
2866
2873
2879
2886
2887
2894
2895
2903
2904
2908
2917
2918
2919
2921
2925
2928
2930
2933
2939
2943
2946
2949
2958
2963
2971
2977
2986
2991
2993
2996
2997
3011
3012
3016
3022
3024
3027
3032
3035
3038
3039
3040
3044
3054
3055
3056
3060
3062
3065
3067
3070
3071
3080
3081
3084
3086
3089
3097
3099
3104
3110
3112
3120
3121
3125
3138
3142
3154
3155
3161
3166
3170
3171
3177
3178
3179
3185
3186
3190
3193
3200
3204
3205
3207
3218
3221
3228
3234
3235
3240
3241
3242
3251
3260
3273
3274
3282
3283
3285
3287
3311
3315
3321
3325
