1280 564 
2682 2614 
2584 1871 
828 2536 
1365 3008 
1933 1365 
2187 535 
216 2812 
2613 2682 
2613 2329 
828 588 
1933 3008 
1933 1850 
771 802 
3008 1504 
2329 2088 
73 2975 
3292 1031 
3213 1482 
1275 668 
3008 463 
1933 2539 
974 566 
588 828 
602 2543 
73 1936 
1936 73 
81 1313 
2613 2614 
1675 1063 
70 3153 
2210 1423 
1858 2031 
1529 1894 
3035 958 
216 1682 
1255 1294 
1255 828 
1365 1504 
2791 537 
2094 832 
2613 2614 
650 1655 
221 2708 
1842 3147 
1936 497 
1675 139 
3292 247 
2539 2540 
2517 1889 
332 1656 
2540 1504 
1275 2537 
463 1933 
2682 3292 
695 537 
588 1294 
2516 2517 
1031 2682 
247 2614 
1272 2391 
1936 73 
1031 3292 
2536 2537 
602 1858 
247 2088 
2537 2536 
1031 2329 
2539 463 
1779 2094 
2812 537 
497 2975 
1294 588 
2812 836 
497 1936 
1152 535 
420 463 
2379 1444 
2614 247 
2537 1255 
537 695 
2517 1730 
2536 588 
2613 2682 
668 828 
2094 497 
588 828 
2329 2088 
1031 247 
602 139 
650 2000 
822 736 
2094 73 
2613 2329 
2540 463 
2618 2617 
178 3232 
2791 1655 
588 2537 
2539 1850 
695 2000 
1031 2614 
138 651 
1221 32 
1419 2557 
2517 2795 
2682 247 
2031 3035 
2812 836 
497 73 
463 420 
2152 1875 
1655 2812 
3008 1933 
828 1255 
1365 463 
2539 420 
463 1850 
1889 2516 
2682 1031 
1655 2000 
497 2974 
588 1275 
2613 3292 
2906 292 
2617 2516 
832 2094 
1684 1545 
2618 2516 
218 502 
1504 1933 
2540 1504 
1031 2088 
918 221 
2537 668 
2578 462 
2682 2088 
832 1779 
1779 1936 
3292 1031 
2539 1933 
2614 2088 
1655 650 
3311 1251 
72 2428 
2000 1655 
1275 2537 
602 1675 
602 3035 
1255 2536 
