1
4
6
14
18
19
20
26
30
33
45
47
48
49
56
63
65
67
75
79
82
85
88
90
91
92
93
94
95
97
99
100
108
109
112
118
120
121
122
123
124
125
127
129
132
134
136
143
144
147
155
158
161
164
165
166
168
173
174
176
177
178
181
184
187
190
195
198
200
202
203
204
206
207
209
212
213
217
218
222
229
234
236
237
239
241
242
248
251
253
255
258
259
261
262
264
265
268
274
275
278
279
280
281
284
285
287
288
289
291
292
294
295
296
297
299
306
307
309
314
318
319
322
323
327
330
331
332
333
337
341
345
346
347
348
349
350
353
355
362
363
364
367
368
370
371
372
374
375
380
381
383
386
390
397
398
403
407
409
413
415
421
426
427
428
431
433
435
443
447
449
451
459
463
464
468
472
474
475
476
479
481
482
489
491
492
495
498
499
501
503
517
518
520
521
524
527
528
529
530
532
534
537
541
542
548
549
554
555
562
564
565
567
573
576
577
578
580
582
584
585
586
587
591
596
597
598
599
602
605
606
608
609
611
613
614
616
618
621
622
624
626
628
632
633
635
642
644
645
646
647
648
652
653
655
656
658
662
663
670
674
677
680
686
689
690
691
692
696
697
699
703
705
708
712
714
718
722
725
727
730
731
733
736
738
739
740
742
744
746
747
750
752
753
758
763
766
767
768
769
770
772
774
776
779
782
783
784
785
786
795
796
798
801
804
805
807
809
810
812
817
820
822
823
824
825
826
831
834
837
838
841
843
848
850
851
853
861
863
865
867
868
869
872
874
875
878
879
880
883
885
886
889
890
893
894
895
898
899
901
909
910
914
916
918
924
925
926
929
930
932
936
937
938
940
941
942
943
949
952
953
954
956
959
964
966
968
972
973
975
980
981
982
983
984
985
988
993
997
999
1000
1004
1005
1011
1016
1018
1020
1023
1025
1026
1029
1032
1033
1035
1036
1037
1040
1042
1043
1046
1047
1050
1051
1052
1053
1054
1058
1061
1068
1072
1073
1074
1076
1077
1079
1086
1089
1096
1102
1103
1104
1105
1106
1107
1108
1109
1115
1118
1121
1123
1125
1127
1128
1130
1135
1137
1139
1144
1148
1149
1150
1153
1156
1159
1162
1165
1171
1176
1180
1184
1186
1192
1195
1196
1199
1206
1210
1217
1221
1222
1226
1227
1228
1229
1232
1233
1237
1243
1248
1249
1251
1252
1254
1258
1260
1262
1263
1268
1272
1275
1276
1277
1278
1281
1282
1283
1284
1288
1291
1293
1300
1304
1306
1307
1312
1313
1314
1315
1317
1320
1323
1329
1330
1332
1334
1339
1341
1342
1345
1346
1348
1349
1353
1355
1357
1362
1369
1371
1372
1377
1378
1379
1386
1390
1391
1393
1395
1399
1401
1403
1405
1408
1409
1411
1414
1416
1423
1428
1433
1434
1435
1436
1438
1439
1440
1442
1443
1449
1451
1452
1454
1460
1462
1463
1468
1469
1480
1483
1487
1488
1489
1490
1491
1493
1494
1496
1500
1502
1505
1506
1508
1511
1512
1515
1519
1525
1528
1532
1533
1535
1537
1544
1546
1552
1553
1554
1555
1556
1560
1561
1565
1566
1569
1571
1574
1575
1576
1578
1579
1585
1589
1590
1591
1592
1593
1594
1595
1596
1602
1605
1606
1607
1610
1611
1613
1614
1617
1619
1620
1621
1623
1624
1625
1626
1631
1633
1634
1635
1639
1640
1642
1645
1648
1650
1656
1657
1658
1660
1664
1674
1676
1677
1678
1679
1680
1686
1688
1689
1695
1696
1697
1699
1700
1703
1705
1706
1709
1715
1717
1718
1719
1721
1724
1725
1729
1730
1733
1734
1738
1739
1742
1743
1749
1752
1756
1762
1765
1767
1768
1781
1785
1786
1788
1790
1792
1793
1795
1796
1798
1801
1802
1803
1810
1817
1819
1820
1821
1824
1825
1830
1836
1838
1842
1844
1845
1848
1850
1851
1852
1853
1854
1855
1856
1857
1858
1859
1862
1864
1868
1870
1874
1875
1880
1881
1882
1883
1886
1889
1892
1894
1896
1897
1900
1904
1905
1910
1912
1915
1918
1923
1924
1925
1927
1941
1943
1945
1950
1951
1953
1955
1956
1957
1958
1959
1960
1963
1964
1966
1968
1975
1976
1978
1979
1982
1985
1988
1989
1990
1991
1992
1994
1995
1997
1999
2000
2001
2002
2004
2005
2014
2016
2017
2025
2026
2028
2034
2036
2037
2039
2044
2045
2047
2048
2053
2055
2062
2064
2065
2066
2068
2069
2072
2073
2075
2077
2079
2082
2083
2087
2090
2094
2095
2096
2098
2099
2100
2102
2103
2108
2110
2114
2115
2116
2117
2120
2121
2122
2126
2128
2129
2135
2137
2145
2147
2148
2151
2153
2156
2157
2159
2161
2162
2164
2167
2174
2177
2179
2180
2182
2184
2187
2188
2189
2190
2191
2192
2193
2194
2195
2196
2198
2201
2206
2207
2212
2213
2214
2218
2224
2226
2227
2228
2230
2232
2237
2238
2242
2248
2249
2251
2256
2258
2259
2262
2263
2265
2266
2267
2270
2271
2272
2273
2277
2280
2283
2287
2288
2289
2290
2292
2293
2299
2300
2301
2311
2313
2314
2315
2316
2317
2320
2321
2325
2328
2333
2334
2339
2342
2343
2350
2353
2354
2356
2357
2362
2363
2365
2366
2371
2372
2377
2378
2379
2381
2382
2383
2386
2388
2392
2393
2394
2395
2397
2400
2402
2409
2410
2420
2421
2425
2427
2431
2432
2435
2437
2441
2446
2447
2449
2450
2451
2453
2464
2466
2467
2468
2473
2476
2479
2481
2485
2488
2489
2491
2495
2496
2497
2500
2505
2506
2509
2517
2518
2519
2522
2529
2530
2531
2534
2537
2548
2552
2553
2554
2557
2567
2569
2571
2573
2583
2584
2589
2593
2597
2598
2599
2601
2602
2607
2608
2610
2611
2613
2617
2622
2625
2628
2629
2631
2632
2633
2635
2636
2639
2640
2642
2643
2646
2651
2652
2656
2662
2663
2667
2672
2674
2676
2678
2680
2681
2691
2692
2694
2696
2698
2700
2701
2702
2705
2707
2708
2709
2711
2716
2723
2726
2730
2731
2732
2733
2735
2738
2741
2743
2751
2752
2757
2758
2760
2761
2763
2764
2765
2778
2779
2781
2784
2790
2794
2799
2800
2801
2804
2808
2809
2812
2815
2817
2822
2823
2825
2826
2827
2835
2836
2838
2840
2841
2844
2845
2848
2849
2851
2855
2858
2859
2863
2864
2866
2867
2868
2871
2872
2873
2876
2879
2881
2884
2886
2887
2889
2890
2894
2895
2897
2898
2901
2903
2904
2908
2911
2913
2916
2917
2918
2919
2921
2922
2923
2925
2928
2930
2933
2934
2935
2937
2938
2939
2943
2944
2945
2946
2949
2951
2955
2957
2958
2963
2965
2971
2973
2977
2978
2982
2986
2991
2992
2993
2996
2997
2998
3000
3003
3005
3007
3008
3010
3011
3012
3015
3016
3019
3020
3022
3024
3027
3032
3035
3038
3039
3040
3041
3042
3044
3051
3054
3055
3056
3060
3062
3064
3065
3066
3067
3070
3071
3074
3080
3081
3082
3084
3086
3089
3090
3091
3092
3097
3099
3104
3106
3110
3112
3113
3114
3116
3117
3120
3121
3125
3130
3134
3135
3136
3137
3138
3142
3144
3151
3154
3155
3158
3161
3166
3169
3170
3171
3177
3178
3179
3185
3186
3190
3192
3193
3196
3200
3201
3204
3205
3207
3212
3213
3216
3218
3221
3222
3223
3225
3226
3228
3229
3230
3233
3234
3235
3240
3241
3242
3243
3244
3248
3250
3251
3252
3253
3254
3256
3260
3261
3262
3272
3273
3274
3275
3276
3282
3283
3285
3287
3293
3297
3299
3300
3301
3305
3311
3315
3319
3321
3325
