1280 564 745 1385 
2682 2614 2329 3292 
2584 1871 2966 445 
828 2536 1275 1255 
1365 3008 2540 420 
1933 1365 1504 2539 
2187 535 150 1051 
216 2812 2791 695 
2613 2682 247 3292 
2613 2329 247 2682 
828 588 1255 2536 
1933 3008 2540 2539 
1933 1850 2540 463 
771 802 2729 178 
3008 1504 420 2539 
2329 2088 2614 2613 
73 2975 497 1779 
3292 1031 2329 2614 
3213 1482 1463 13 
1275 668 588 2537 
3008 463 2539 1933 
1933 2539 1504 1365 
974 566 212 3147 
588 828 1255 2536 
602 2543 1063 1858 
73 1936 832 497 
1936 73 1779 2094 
81 1313 2048 1944 
2613 2614 1031 2329 
1675 1063 958 1858 
70 3153 159 1946 
2210 1423 610 2902 
1858 2031 602 958 
1529 1894 1051 2976 
3035 958 1063 1675 
216 1682 2615 2812 
1255 1294 588 828 
1255 828 1275 2536 
1365 1504 463 1933 
2791 537 836 1682 
2094 832 73 497 
2613 2614 1031 2682 
650 1655 537 2812 
221 2708 1023 3213 
1842 3147 860 2266 
1936 497 73 2974 
1675 139 2543 602 
3292 247 2614 2682 
2539 2540 1850 463 
2517 1889 329 2618 
332 1656 798 819 
2540 1504 3008 1850 
1275 2537 668 588 
463 1933 2540 1504 
2682 3292 2614 2329 
695 537 2000 2791 
588 1294 828 668 
2516 2517 1889 2751 
1031 2682 2613 2614 
247 2614 2329 3292 
1272 2391 1027 2918 
1936 73 2974 1779 
1031 3292 247 2088 
2536 2537 828 1275 
602 1858 139 2543 
247 2088 2613 2329 
2537 2536 828 668 
1031 2329 2682 247 
2539 463 1504 3008 
1779 2094 1936 73 
2812 537 836 2615 
497 2975 73 2974 
1294 588 2536 668 
2812 836 695 1655 
497 1936 832 1779 
1152 535 2706 1097 
420 463 2539 1933 
2379 1444 1353 65 
2614 247 3292 2682 
2537 1255 828 2536 
537 695 650 2791 
2517 1730 2618 329 
2536 588 2537 828 
2613 2682 3292 1031 
668 828 1275 588 
2094 497 1779 2975 
588 828 2536 1294 
2329 2088 2614 2682 
1031 247 2682 3292 
602 139 3035 1675 
650 2000 695 216 
822 736 790 234 
2094 73 2974 2975 
2613 2329 2614 3292 
2540 463 1933 2539 
2618 2617 2751 2517 
178 3232 3257 1410 
2791 1655 836 216 
588 2537 1255 1294 
2539 1850 1504 463 
695 2000 2615 1682 
1031 2614 2088 2329 
138 651 1145 1718 
1221 32 3119 2752 
1419 2557 1435 1385 
2517 2795 2751 1889 
2682 247 2613 3292 
2031 3035 1063 2543 
2812 836 1682 2615 
497 73 2975 832 
463 420 3008 1933 
2152 1875 1894 1584 
1655 2812 695 836 
3008 1933 2539 1365 
828 1255 1294 2537 
1365 463 1933 1850 
2539 420 463 1365 
463 1850 1504 1365 
1889 2516 2517 329 
2682 1031 2614 2329 
1655 2000 1682 2812 
497 2974 1936 2094 
588 1275 1255 2537 
2613 3292 247 2614 
2906 292 2387 1718 
2617 2516 1730 2618 
832 2094 1936 2975 
1684 1545 3047 822 
2618 2516 329 2517 
218 502 2152 486 
1504 1933 420 2539 
2540 1504 3008 1365 
1031 2088 2614 2613 
918 221 2433 2584 
2537 668 828 1294 
2578 462 3244 1162 
2682 2088 2329 3292 
832 1779 2094 2974 
1779 1936 2974 497 
3292 1031 2329 2682 
2539 1933 3008 1365 
2614 2088 247 2613 
1655 650 1682 2000 
3311 1251 2584 1353 
72 2428 2584 1341 
2000 1655 216 1682 
1275 2537 588 1255 
602 1675 958 3035 
602 3035 2543 1675 
1255 2536 1275 1294 
