17 18 28 32 56 62 70 80 83 84 87 92 130 142 159 173 178 194 203 205 212 215 226 228 234 265 294 300 304 316 317 319 332 359 371 379 383 392 393 397 405 411 412 419 429 430 440 442 455 462 465 469 476 478 484 485 489 494 504 516 519 531 540 541 545 547 550 555 563 564 566 567 573 579 582 584 587 610 615 624 634 637 638 642 647 649 654 670 676 698 707 721 729 736 745 771 774 783 790 798 802 808 809 811 812 819 822 853 854 856 860 865 879 911 915 921 922 923 924 927 928 974 989 991 1000 1002 1004 1027 1033 1039 1046 1049 1052 1068 1077 1085 1087 1094 1102 1103 1107 1116 1135 1147 1162 1170 1200 1210 1221 1225 1233 1239 1247 1256 1265 1272 1280 1303 1307 1310 1311 1318 1324 1326 1335 1385 1387 1410 1419 1423 1426 1435 1437 1449 1455 1464 1472 1474 1477 1478 1485 1516 1521 1522 1525 1531 1536 1545 1562 1565 1571 1573 1578 1615 1620 1654 1656 1660 1678 1683 1684 1693 1710 1727 1753 1771 1778 1789 1791 1797 1813 1817 1826 1836 1842 1851 1854 1865 1868 1907 1919 1921 1924 1932 1939 1945 1946 1970 1992 1999 2005 2025 2028 2054 2055 2059 2066 2085 2100 2112 2120 2132 2134 2153 2154 2177 2179 2184 2189 2203 2210 2212 2215 2220 2245 2249 2252 2255 2258 2259 2266 2275 2278 2292 2296 2301 2312 2314 2315 2316 2335 2339 2383 2391 2440 2441 2447 2448 2449 2450 2451 2452 2463 2464 2486 2495 2496 2497 2531 2557 2562 2578 2602 2606 2608 2609 2610 2611 2612 2631 2643 2646 2657 2673 2713 2721 2726 2729 2730 2731 2734 2739 2740 2752 2763 2771 2776 2814 2815 2816 2817 2819 2835 2836 2837 2844 2845 2898 2899 2901 2902 2910 2911 2913 2918 2920 2921 2931 2932 2950 2951 2963 2973 2977 2993 3009 3010 3012 3017 3018 3026 3029 3039 3046 3047 3048 3060 3068 3117 3118 3119 3120 3125 3139 3146 3147 3148 3153 3202 3215 3216 3217 3218 3221 3231 3232 3244 3257 3282 3284 3288 3294 3299 3317 3318 
247 1031 2088 2329 2613 2614 2682 3292 
1 5 13 20 65 72 81 103 138 150 151 158 208 211 218 221 269 287 292 318 398 404 409 438 445 486 501 502 503 506 509 517 518 535 558 591 594 648 651 717 826 918 946 975 997 1011 1019 1023 1035 1051 1097 1105 1115 1131 1145 1146 1152 1167 1197 1206 1251 1313 1341 1353 1358 1444 1462 1463 1482 1493 1527 1529 1534 1575 1583 1584 1587 1666 1718 1736 1838 1843 1871 1875 1894 1896 1901 1902 1925 1944 2039 2048 2052 2109 2130 2141 2152 2170 2187 2227 2330 2360 2379 2387 2414 2428 2433 2478 2584 2647 2648 2702 2703 2704 2705 2706 2707 2708 2709 2710 2711 2712 2854 2891 2900 2906 2919 2933 2966 2976 3072 3080 3151 3199 3213 3228 3234 3235 3236 3246 3311 
588 668 828 1255 1275 1294 2536 2537 
420 463 1365 1504 1850 1933 2539 2540 3008 
420 463 1365 1504 1850 1933 2539 2540 3008 
1 5 13 20 65 72 81 103 138 150 151 158 208 211 218 221 269 287 292 318 398 404 409 438 445 486 501 502 503 506 509 517 518 535 558 591 594 648 651 717 826 918 946 975 997 1011 1019 1023 1035 1051 1097 1105 1115 1131 1145 1146 1152 1167 1197 1206 1251 1313 1341 1353 1358 1444 1462 1463 1482 1493 1527 1529 1534 1575 1583 1584 1587 1666 1718 1736 1838 1843 1871 1875 1894 1896 1901 1902 1925 1944 2039 2048 2052 2109 2130 2141 2152 2170 2187 2227 2330 2360 2379 2387 2414 2428 2433 2478 2584 2647 2648 2702 2703 2704 2705 2706 2707 2708 2709 2710 2711 2712 2854 2891 2900 2906 2919 2933 2966 2976 3072 3080 3151 3199 3213 3228 3234 3235 3236 3246 3311 
216 537 650 695 836 1655 1682 2000 2615 2791 2812 
247 1031 2088 2329 2613 2614 2682 3292 
247 1031 2088 2329 2613 2614 2682 3292 
588 668 828 1255 1275 1294 2536 2537 
420 463 1365 1504 1850 1933 2539 2540 3008 
420 463 1365 1504 1850 1933 2539 2540 3008 
17 18 28 32 56 62 70 80 83 84 87 92 130 142 159 173 178 194 203 205 212 215 226 228 234 265 294 300 304 316 317 319 332 359 371 379 383 392 393 397 405 411 412 419 429 430 440 442 455 462 465 469 476 478 484 485 489 494 504 516 519 531 540 541 545 547 550 555 563 564 566 567 573 579 582 584 587 610 615 624 634 637 638 642 647 649 654 670 676 698 707 721 729 736 745 771 774 783 790 798 802 808 809 811 812 819 822 853 854 856 860 865 879 911 915 921 922 923 924 927 928 974 989 991 1000 1002 1004 1027 1033 1039 1046 1049 1052 1068 1077 1085 1087 1094 1102 1103 1107 1116 1135 1147 1162 1170 1200 1210 1221 1225 1233 1239 1247 1256 1265 1272 1280 1303 1307 1310 1311 1318 1324 1326 1335 1385 1387 1410 1419 1423 1426 1435 1437 1449 1455 1464 1472 1474 1477 1478 1485 1516 1521 1522 1525 1531 1536 1545 1562 1565 1571 1573 1578 1615 1620 1654 1656 1660 1678 1683 1684 1693 1710 1727 1753 1771 1778 1789 1791 1797 1813 1817 1826 1836 1842 1851 1854 1865 1868 1907 1919 1921 1924 1932 1939 1945 1946 1970 1992 1999 2005 2025 2028 2054 2055 2059 2066 2085 2100 2112 2120 2132 2134 2153 2154 2177 2179 2184 2189 2203 2210 2212 2215 2220 2245 2249 2252 2255 2258 2259 2266 2275 2278 2292 2296 2301 2312 2314 2315 2316 2335 2339 2383 2391 2440 2441 2447 2448 2449 2450 2451 2452 2463 2464 2486 2495 2496 2497 2531 2557 2562 2578 2602 2606 2608 2609 2610 2611 2612 2631 2643 2646 2657 2673 2713 2721 2726 2729 2730 2731 2734 2739 2740 2752 2763 2771 2776 2814 2815 2816 2817 2819 2835 2836 2837 2844 2845 2898 2899 2901 2902 2910 2911 2913 2918 2920 2921 2931 2932 2950 2951 2963 2973 2977 2993 3009 3010 3012 3017 3018 3026 3029 3039 3046 3047 3048 3060 3068 3117 3118 3119 3120 3125 3139 3146 3147 3148 3153 3202 3215 3216 3217 3218 3221 3231 3232 3244 3257 3282 3284 3288 3294 3299 3317 3318 
420 463 1365 1504 1850 1933 2539 2540 3008 
247 1031 2088 2329 2613 2614 2682 3292 
73 497 832 1779 1936 2094 2974 2975 
247 1031 2088 2329 2613 2614 2682 3292 
1 5 13 20 65 72 81 103 138 150 151 158 208 211 218 221 269 287 292 318 398 404 409 438 445 486 501 502 503 506 509 517 518 535 558 591 594 648 651 717 826 918 946 975 997 1011 1019 1023 1035 1051 1097 1105 1115 1131 1145 1146 1152 1167 1197 1206 1251 1313 1341 1353 1358 1444 1462 1463 1482 1493 1527 1529 1534 1575 1583 1584 1587 1666 1718 1736 1838 1843 1871 1875 1894 1896 1901 1902 1925 1944 2039 2048 2052 2109 2130 2141 2152 2170 2187 2227 2330 2360 2379 2387 2414 2428 2433 2478 2584 2647 2648 2702 2703 2704 2705 2706 2707 2708 2709 2710 2711 2712 2854 2891 2900 2906 2919 2933 2966 2976 3072 3080 3151 3199 3213 3228 3234 3235 3236 3246 3311 
588 668 828 1255 1275 1294 2536 2537 
420 463 1365 1504 1850 1933 2539 2540 3008 
420 463 1365 1504 1850 1933 2539 2540 3008 
17 18 28 32 56 62 70 80 83 84 87 92 130 142 159 173 178 194 203 205 212 215 226 228 234 265 294 300 304 316 317 319 332 359 371 379 383 392 393 397 405 411 412 419 429 430 440 442 455 462 465 469 476 478 484 485 489 494 504 516 519 531 540 541 545 547 550 555 563 564 566 567 573 579 582 584 587 610 615 624 634 637 638 642 647 649 654 670 676 698 707 721 729 736 745 771 774 783 790 798 802 808 809 811 812 819 822 853 854 856 860 865 879 911 915 921 922 923 924 927 928 974 989 991 1000 1002 1004 1027 1033 1039 1046 1049 1052 1068 1077 1085 1087 1094 1102 1103 1107 1116 1135 1147 1162 1170 1200 1210 1221 1225 1233 1239 1247 1256 1265 1272 1280 1303 1307 1310 1311 1318 1324 1326 1335 1385 1387 1410 1419 1423 1426 1435 1437 1449 1455 1464 1472 1474 1477 1478 1485 1516 1521 1522 1525 1531 1536 1545 1562 1565 1571 1573 1578 1615 1620 1654 1656 1660 1678 1683 1684 1693 1710 1727 1753 1771 1778 1789 1791 1797 1813 1817 1826 1836 1842 1851 1854 1865 1868 1907 1919 1921 1924 1932 1939 1945 1946 1970 1992 1999 2005 2025 2028 2054 2055 2059 2066 2085 2100 2112 2120 2132 2134 2153 2154 2177 2179 2184 2189 2203 2210 2212 2215 2220 2245 2249 2252 2255 2258 2259 2266 2275 2278 2292 2296 2301 2312 2314 2315 2316 2335 2339 2383 2391 2440 2441 2447 2448 2449 2450 2451 2452 2463 2464 2486 2495 2496 2497 2531 2557 2562 2578 2602 2606 2608 2609 2610 2611 2612 2631 2643 2646 2657 2673 2713 2721 2726 2729 2730 2731 2734 2739 2740 2752 2763 2771 2776 2814 2815 2816 2817 2819 2835 2836 2837 2844 2845 2898 2899 2901 2902 2910 2911 2913 2918 2920 2921 2931 2932 2950 2951 2963 2973 2977 2993 3009 3010 3012 3017 3018 3026 3029 3039 3046 3047 3048 3060 3068 3117 3118 3119 3120 3125 3139 3146 3147 3148 3153 3202 3215 3216 3217 3218 3221 3231 3232 3244 3257 3282 3284 3288 3294 3299 3317 3318 
588 668 828 1255 1275 1294 2536 2537 
139 602 958 1063 1675 1858 2031 2543 3035 
73 497 832 1779 1936 2094 2974 2975 
73 497 832 1779 1936 2094 2974 2975 
1 5 13 20 65 72 81 103 138 150 151 158 208 211 218 221 269 287 292 318 398 404 409 438 445 486 501 502 503 506 509 517 518 535 558 591 594 648 651 717 826 918 946 975 997 1011 1019 1023 1035 1051 1097 1105 1115 1131 1145 1146 1152 1167 1197 1206 1251 1313 1341 1353 1358 1444 1462 1463 1482 1493 1527 1529 1534 1575 1583 1584 1587 1666 1718 1736 1838 1843 1871 1875 1894 1896 1901 1902 1925 1944 2039 2048 2052 2109 2130 2141 2152 2170 2187 2227 2330 2360 2379 2387 2414 2428 2433 2478 2584 2647 2648 2702 2703 2704 2705 2706 2707 2708 2709 2710 2711 2712 2854 2891 2900 2906 2919 2933 2966 2976 3072 3080 3151 3199 3213 3228 3234 3235 3236 3246 3311 
247 1031 2088 2329 2613 2614 2682 3292 
139 602 958 1063 1675 1858 2031 2543 3035 
17 18 28 32 56 62 70 80 83 84 87 92 130 142 159 173 178 194 203 205 212 215 226 228 234 265 294 300 304 316 317 319 332 359 371 379 383 392 393 397 405 411 412 419 429 430 440 442 455 462 465 469 476 478 484 485 489 494 504 516 519 531 540 541 545 547 550 555 563 564 566 567 573 579 582 584 587 610 615 624 634 637 638 642 647 649 654 670 676 698 707 721 729 736 745 771 774 783 790 798 802 808 809 811 812 819 822 853 854 856 860 865 879 911 915 921 922 923 924 927 928 974 989 991 1000 1002 1004 1027 1033 1039 1046 1049 1052 1068 1077 1085 1087 1094 1102 1103 1107 1116 1135 1147 1162 1170 1200 1210 1221 1225 1233 1239 1247 1256 1265 1272 1280 1303 1307 1310 1311 1318 1324 1326 1335 1385 1387 1410 1419 1423 1426 1435 1437 1449 1455 1464 1472 1474 1477 1478 1485 1516 1521 1522 1525 1531 1536 1545 1562 1565 1571 1573 1578 1615 1620 1654 1656 1660 1678 1683 1684 1693 1710 1727 1753 1771 1778 1789 1791 1797 1813 1817 1826 1836 1842 1851 1854 1865 1868 1907 1919 1921 1924 1932 1939 1945 1946 1970 1992 1999 2005 2025 2028 2054 2055 2059 2066 2085 2100 2112 2120 2132 2134 2153 2154 2177 2179 2184 2189 2203 2210 2212 2215 2220 2245 2249 2252 2255 2258 2259 2266 2275 2278 2292 2296 2301 2312 2314 2315 2316 2335 2339 2383 2391 2440 2441 2447 2448 2449 2450 2451 2452 2463 2464 2486 2495 2496 2497 2531 2557 2562 2578 2602 2606 2608 2609 2610 2611 2612 2631 2643 2646 2657 2673 2713 2721 2726 2729 2730 2731 2734 2739 2740 2752 2763 2771 2776 2814 2815 2816 2817 2819 2835 2836 2837 2844 2845 2898 2899 2901 2902 2910 2911 2913 2918 2920 2921 2931 2932 2950 2951 2963 2973 2977 2993 3009 3010 3012 3017 3018 3026 3029 3039 3046 3047 3048 3060 3068 3117 3118 3119 3120 3125 3139 3146 3147 3148 3153 3202 3215 3216 3217 3218 3221 3231 3232 3244 3257 3282 3284 3288 3294 3299 3317 3318 
17 18 28 32 56 62 70 80 83 84 87 92 130 142 159 173 178 194 203 205 212 215 226 228 234 265 294 300 304 316 317 319 332 359 371 379 383 392 393 397 405 411 412 419 429 430 440 442 455 462 465 469 476 478 484 485 489 494 504 516 519 531 540 541 545 547 550 555 563 564 566 567 573 579 582 584 587 610 615 624 634 637 638 642 647 649 654 670 676 698 707 721 729 736 745 771 774 783 790 798 802 808 809 811 812 819 822 853 854 856 860 865 879 911 915 921 922 923 924 927 928 974 989 991 1000 1002 1004 1027 1033 1039 1046 1049 1052 1068 1077 1085 1087 1094 1102 1103 1107 1116 1135 1147 1162 1170 1200 1210 1221 1225 1233 1239 1247 1256 1265 1272 1280 1303 1307 1310 1311 1318 1324 1326 1335 1385 1387 1410 1419 1423 1426 1435 1437 1449 1455 1464 1472 1474 1477 1478 1485 1516 1521 1522 1525 1531 1536 1545 1562 1565 1571 1573 1578 1615 1620 1654 1656 1660 1678 1683 1684 1693 1710 1727 1753 1771 1778 1789 1791 1797 1813 1817 1826 1836 1842 1851 1854 1865 1868 1907 1919 1921 1924 1932 1939 1945 1946 1970 1992 1999 2005 2025 2028 2054 2055 2059 2066 2085 2100 2112 2120 2132 2134 2153 2154 2177 2179 2184 2189 2203 2210 2212 2215 2220 2245 2249 2252 2255 2258 2259 2266 2275 2278 2292 2296 2301 2312 2314 2315 2316 2335 2339 2383 2391 2440 2441 2447 2448 2449 2450 2451 2452 2463 2464 2486 2495 2496 2497 2531 2557 2562 2578 2602 2606 2608 2609 2610 2611 2612 2631 2643 2646 2657 2673 2713 2721 2726 2729 2730 2731 2734 2739 2740 2752 2763 2771 2776 2814 2815 2816 2817 2819 2835 2836 2837 2844 2845 2898 2899 2901 2902 2910 2911 2913 2918 2920 2921 2931 2932 2950 2951 2963 2973 2977 2993 3009 3010 3012 3017 3018 3026 3029 3039 3046 3047 3048 3060 3068 3117 3118 3119 3120 3125 3139 3146 3147 3148 3153 3202 3215 3216 3217 3218 3221 3231 3232 3244 3257 3282 3284 3288 3294 3299 3317 3318 
139 602 958 1063 1675 1858 2031 2543 3035 
1 5 13 20 65 72 81 103 138 150 151 158 208 211 218 221 269 287 292 318 398 404 409 438 445 486 501 502 503 506 509 517 518 535 558 591 594 648 651 717 826 918 946 975 997 1011 1019 1023 1035 1051 1097 1105 1115 1131 1145 1146 1152 1167 1197 1206 1251 1313 1341 1353 1358 1444 1462 1463 1482 1493 1527 1529 1534 1575 1583 1584 1587 1666 1718 1736 1838 1843 1871 1875 1894 1896 1901 1902 1925 1944 2039 2048 2052 2109 2130 2141 2152 2170 2187 2227 2330 2360 2379 2387 2414 2428 2433 2478 2584 2647 2648 2702 2703 2704 2705 2706 2707 2708 2709 2710 2711 2712 2854 2891 2900 2906 2919 2933 2966 2976 3072 3080 3151 3199 3213 3228 3234 3235 3236 3246 3311 
139 602 958 1063 1675 1858 2031 2543 3035 
216 537 650 695 836 1655 1682 2000 2615 2791 2812 
588 668 828 1255 1275 1294 2536 2537 
588 668 828 1255 1275 1294 2536 2537 
420 463 1365 1504 1850 1933 2539 2540 3008 
216 537 650 695 836 1655 1682 2000 2615 2791 2812 
73 497 832 1779 1936 2094 2974 2975 
247 1031 2088 2329 2613 2614 2682 3292 
216 537 650 695 836 1655 1682 2000 2615 2791 2812 
1 5 13 20 65 72 81 103 138 150 151 158 208 211 218 221 269 287 292 318 398 404 409 438 445 486 501 502 503 506 509 517 518 535 558 591 594 648 651 717 826 918 946 975 997 1011 1019 1023 1035 1051 1097 1105 1115 1131 1145 1146 1152 1167 1197 1206 1251 1313 1341 1353 1358 1444 1462 1463 1482 1493 1527 1529 1534 1575 1583 1584 1587 1666 1718 1736 1838 1843 1871 1875 1894 1896 1901 1902 1925 1944 2039 2048 2052 2109 2130 2141 2152 2170 2187 2227 2330 2360 2379 2387 2414 2428 2433 2478 2584 2647 2648 2702 2703 2704 2705 2706 2707 2708 2709 2710 2711 2712 2854 2891 2900 2906 2919 2933 2966 2976 3072 3080 3151 3199 3213 3228 3234 3235 3236 3246 3311 
17 18 28 32 56 62 70 80 83 84 87 92 130 142 159 173 178 194 203 205 212 215 226 228 234 265 294 300 304 316 317 319 332 359 371 379 383 392 393 397 405 411 412 419 429 430 440 442 455 462 465 469 476 478 484 485 489 494 504 516 519 531 540 541 545 547 550 555 563 564 566 567 573 579 582 584 587 610 615 624 634 637 638 642 647 649 654 670 676 698 707 721 729 736 745 771 774 783 790 798 802 808 809 811 812 819 822 853 854 856 860 865 879 911 915 921 922 923 924 927 928 974 989 991 1000 1002 1004 1027 1033 1039 1046 1049 1052 1068 1077 1085 1087 1094 1102 1103 1107 1116 1135 1147 1162 1170 1200 1210 1221 1225 1233 1239 1247 1256 1265 1272 1280 1303 1307 1310 1311 1318 1324 1326 1335 1385 1387 1410 1419 1423 1426 1435 1437 1449 1455 1464 1472 1474 1477 1478 1485 1516 1521 1522 1525 1531 1536 1545 1562 1565 1571 1573 1578 1615 1620 1654 1656 1660 1678 1683 1684 1693 1710 1727 1753 1771 1778 1789 1791 1797 1813 1817 1826 1836 1842 1851 1854 1865 1868 1907 1919 1921 1924 1932 1939 1945 1946 1970 1992 1999 2005 2025 2028 2054 2055 2059 2066 2085 2100 2112 2120 2132 2134 2153 2154 2177 2179 2184 2189 2203 2210 2212 2215 2220 2245 2249 2252 2255 2258 2259 2266 2275 2278 2292 2296 2301 2312 2314 2315 2316 2335 2339 2383 2391 2440 2441 2447 2448 2449 2450 2451 2452 2463 2464 2486 2495 2496 2497 2531 2557 2562 2578 2602 2606 2608 2609 2610 2611 2612 2631 2643 2646 2657 2673 2713 2721 2726 2729 2730 2731 2734 2739 2740 2752 2763 2771 2776 2814 2815 2816 2817 2819 2835 2836 2837 2844 2845 2898 2899 2901 2902 2910 2911 2913 2918 2920 2921 2931 2932 2950 2951 2963 2973 2977 2993 3009 3010 3012 3017 3018 3026 3029 3039 3046 3047 3048 3060 3068 3117 3118 3119 3120 3125 3139 3146 3147 3148 3153 3202 3215 3216 3217 3218 3221 3231 3232 3244 3257 3282 3284 3288 3294 3299 3317 3318 
73 497 832 1779 1936 2094 2974 2975 
139 602 958 1063 1675 1858 2031 2543 3035 
247 1031 2088 2329 2613 2614 2682 3292 
420 463 1365 1504 1850 1933 2539 2540 3008 
329 1730 1889 2516 2517 2617 2618 2751 2795 
17 18 28 32 56 62 70 80 83 84 87 92 130 142 159 173 178 194 203 205 212 215 226 228 234 265 294 300 304 316 317 319 332 359 371 379 383 392 393 397 405 411 412 419 429 430 440 442 455 462 465 469 476 478 484 485 489 494 504 516 519 531 540 541 545 547 550 555 563 564 566 567 573 579 582 584 587 610 615 624 634 637 638 642 647 649 654 670 676 698 707 721 729 736 745 771 774 783 790 798 802 808 809 811 812 819 822 853 854 856 860 865 879 911 915 921 922 923 924 927 928 974 989 991 1000 1002 1004 1027 1033 1039 1046 1049 1052 1068 1077 1085 1087 1094 1102 1103 1107 1116 1135 1147 1162 1170 1200 1210 1221 1225 1233 1239 1247 1256 1265 1272 1280 1303 1307 1310 1311 1318 1324 1326 1335 1385 1387 1410 1419 1423 1426 1435 1437 1449 1455 1464 1472 1474 1477 1478 1485 1516 1521 1522 1525 1531 1536 1545 1562 1565 1571 1573 1578 1615 1620 1654 1656 1660 1678 1683 1684 1693 1710 1727 1753 1771 1778 1789 1791 1797 1813 1817 1826 1836 1842 1851 1854 1865 1868 1907 1919 1921 1924 1932 1939 1945 1946 1970 1992 1999 2005 2025 2028 2054 2055 2059 2066 2085 2100 2112 2120 2132 2134 2153 2154 2177 2179 2184 2189 2203 2210 2212 2215 2220 2245 2249 2252 2255 2258 2259 2266 2275 2278 2292 2296 2301 2312 2314 2315 2316 2335 2339 2383 2391 2440 2441 2447 2448 2449 2450 2451 2452 2463 2464 2486 2495 2496 2497 2531 2557 2562 2578 2602 2606 2608 2609 2610 2611 2612 2631 2643 2646 2657 2673 2713 2721 2726 2729 2730 2731 2734 2739 2740 2752 2763 2771 2776 2814 2815 2816 2817 2819 2835 2836 2837 2844 2845 2898 2899 2901 2902 2910 2911 2913 2918 2920 2921 2931 2932 2950 2951 2963 2973 2977 2993 3009 3010 3012 3017 3018 3026 3029 3039 3046 3047 3048 3060 3068 3117 3118 3119 3120 3125 3139 3146 3147 3148 3153 3202 3215 3216 3217 3218 3221 3231 3232 3244 3257 3282 3284 3288 3294 3299 3317 3318 
420 463 1365 1504 1850 1933 2539 2540 3008 
588 668 828 1255 1275 1294 2536 2537 
420 463 1365 1504 1850 1933 2539 2540 3008 
247 1031 2088 2329 2613 2614 2682 3292 
216 537 650 695 836 1655 1682 2000 2615 2791 2812 
588 668 828 1255 1275 1294 2536 2537 
329 1730 1889 2516 2517 2617 2618 2751 2795 
247 1031 2088 2329 2613 2614 2682 3292 
247 1031 2088 2329 2613 2614 2682 3292 
17 18 28 32 56 62 70 80 83 84 87 92 130 142 159 173 178 194 203 205 212 215 226 228 234 265 294 300 304 316 317 319 332 359 371 379 383 392 393 397 405 411 412 419 429 430 440 442 455 462 465 469 476 478 484 485 489 494 504 516 519 531 540 541 545 547 550 555 563 564 566 567 573 579 582 584 587 610 615 624 634 637 638 642 647 649 654 670 676 698 707 721 729 736 745 771 774 783 790 798 802 808 809 811 812 819 822 853 854 856 860 865 879 911 915 921 922 923 924 927 928 974 989 991 1000 1002 1004 1027 1033 1039 1046 1049 1052 1068 1077 1085 1087 1094 1102 1103 1107 1116 1135 1147 1162 1170 1200 1210 1221 1225 1233 1239 1247 1256 1265 1272 1280 1303 1307 1310 1311 1318 1324 1326 1335 1385 1387 1410 1419 1423 1426 1435 1437 1449 1455 1464 1472 1474 1477 1478 1485 1516 1521 1522 1525 1531 1536 1545 1562 1565 1571 1573 1578 1615 1620 1654 1656 1660 1678 1683 1684 1693 1710 1727 1753 1771 1778 1789 1791 1797 1813 1817 1826 1836 1842 1851 1854 1865 1868 1907 1919 1921 1924 1932 1939 1945 1946 1970 1992 1999 2005 2025 2028 2054 2055 2059 2066 2085 2100 2112 2120 2132 2134 2153 2154 2177 2179 2184 2189 2203 2210 2212 2215 2220 2245 2249 2252 2255 2258 2259 2266 2275 2278 2292 2296 2301 2312 2314 2315 2316 2335 2339 2383 2391 2440 2441 2447 2448 2449 2450 2451 2452 2463 2464 2486 2495 2496 2497 2531 2557 2562 2578 2602 2606 2608 2609 2610 2611 2612 2631 2643 2646 2657 2673 2713 2721 2726 2729 2730 2731 2734 2739 2740 2752 2763 2771 2776 2814 2815 2816 2817 2819 2835 2836 2837 2844 2845 2898 2899 2901 2902 2910 2911 2913 2918 2920 2921 2931 2932 2950 2951 2963 2973 2977 2993 3009 3010 3012 3017 3018 3026 3029 3039 3046 3047 3048 3060 3068 3117 3118 3119 3120 3125 3139 3146 3147 3148 3153 3202 3215 3216 3217 3218 3221 3231 3232 3244 3257 3282 3284 3288 3294 3299 3317 3318 
73 497 832 1779 1936 2094 2974 2975 
247 1031 2088 2329 2613 2614 2682 3292 
588 668 828 1255 1275 1294 2536 2537 
139 602 958 1063 1675 1858 2031 2543 3035 
247 1031 2088 2329 2613 2614 2682 3292 
588 668 828 1255 1275 1294 2536 2537 
247 1031 2088 2329 2613 2614 2682 3292 
420 463 1365 1504 1850 1933 2539 2540 3008 
73 497 832 1779 1936 2094 2974 2975 
216 537 650 695 836 1655 1682 2000 2615 2791 2812 
73 497 832 1779 1936 2094 2974 2975 
588 668 828 1255 1275 1294 2536 2537 
216 537 650 695 836 1655 1682 2000 2615 2791 2812 
73 497 832 1779 1936 2094 2974 2975 
1 5 13 20 65 72 81 103 138 150 151 158 208 211 218 221 269 287 292 318 398 404 409 438 445 486 501 502 503 506 509 517 518 535 558 591 594 648 651 717 826 918 946 975 997 1011 1019 1023 1035 1051 1097 1105 1115 1131 1145 1146 1152 1167 1197 1206 1251 1313 1341 1353 1358 1444 1462 1463 1482 1493 1527 1529 1534 1575 1583 1584 1587 1666 1718 1736 1838 1843 1871 1875 1894 1896 1901 1902 1925 1944 2039 2048 2052 2109 2130 2141 2152 2170 2187 2227 2330 2360 2379 2387 2414 2428 2433 2478 2584 2647 2648 2702 2703 2704 2705 2706 2707 2708 2709 2710 2711 2712 2854 2891 2900 2906 2919 2933 2966 2976 3072 3080 3151 3199 3213 3228 3234 3235 3236 3246 3311 
420 463 1365 1504 1850 1933 2539 2540 3008 
1 5 13 20 65 72 81 103 138 150 151 158 208 211 218 221 269 287 292 318 398 404 409 438 445 486 501 502 503 506 509 517 518 535 558 591 594 648 651 717 826 918 946 975 997 1011 1019 1023 1035 1051 1097 1105 1115 1131 1145 1146 1152 1167 1197 1206 1251 1313 1341 1353 1358 1444 1462 1463 1482 1493 1527 1529 1534 1575 1583 1584 1587 1666 1718 1736 1838 1843 1871 1875 1894 1896 1901 1902 1925 1944 2039 2048 2052 2109 2130 2141 2152 2170 2187 2227 2330 2360 2379 2387 2414 2428 2433 2478 2584 2647 2648 2702 2703 2704 2705 2706 2707 2708 2709 2710 2711 2712 2854 2891 2900 2906 2919 2933 2966 2976 3072 3080 3151 3199 3213 3228 3234 3235 3236 3246 3311 
247 1031 2088 2329 2613 2614 2682 3292 
588 668 828 1255 1275 1294 2536 2537 
216 537 650 695 836 1655 1682 2000 2615 2791 2812 
329 1730 1889 2516 2517 2617 2618 2751 2795 
588 668 828 1255 1275 1294 2536 2537 
247 1031 2088 2329 2613 2614 2682 3292 
588 668 828 1255 1275 1294 2536 2537 
73 497 832 1779 1936 2094 2974 2975 
588 668 828 1255 1275 1294 2536 2537 
247 1031 2088 2329 2613 2614 2682 3292 
247 1031 2088 2329 2613 2614 2682 3292 
139 602 958 1063 1675 1858 2031 2543 3035 
216 537 650 695 836 1655 1682 2000 2615 2791 2812 
17 18 28 32 56 62 70 80 83 84 87 92 130 142 159 173 178 194 203 205 212 215 226 228 234 265 294 300 304 316 317 319 332 359 371 379 383 392 393 397 405 411 412 419 429 430 440 442 455 462 465 469 476 478 484 485 489 494 504 516 519 531 540 541 545 547 550 555 563 564 566 567 573 579 582 584 587 610 615 624 634 637 638 642 647 649 654 670 676 698 707 721 729 736 745 771 774 783 790 798 802 808 809 811 812 819 822 853 854 856 860 865 879 911 915 921 922 923 924 927 928 974 989 991 1000 1002 1004 1027 1033 1039 1046 1049 1052 1068 1077 1085 1087 1094 1102 1103 1107 1116 1135 1147 1162 1170 1200 1210 1221 1225 1233 1239 1247 1256 1265 1272 1280 1303 1307 1310 1311 1318 1324 1326 1335 1385 1387 1410 1419 1423 1426 1435 1437 1449 1455 1464 1472 1474 1477 1478 1485 1516 1521 1522 1525 1531 1536 1545 1562 1565 1571 1573 1578 1615 1620 1654 1656 1660 1678 1683 1684 1693 1710 1727 1753 1771 1778 1789 1791 1797 1813 1817 1826 1836 1842 1851 1854 1865 1868 1907 1919 1921 1924 1932 1939 1945 1946 1970 1992 1999 2005 2025 2028 2054 2055 2059 2066 2085 2100 2112 2120 2132 2134 2153 2154 2177 2179 2184 2189 2203 2210 2212 2215 2220 2245 2249 2252 2255 2258 2259 2266 2275 2278 2292 2296 2301 2312 2314 2315 2316 2335 2339 2383 2391 2440 2441 2447 2448 2449 2450 2451 2452 2463 2464 2486 2495 2496 2497 2531 2557 2562 2578 2602 2606 2608 2609 2610 2611 2612 2631 2643 2646 2657 2673 2713 2721 2726 2729 2730 2731 2734 2739 2740 2752 2763 2771 2776 2814 2815 2816 2817 2819 2835 2836 2837 2844 2845 2898 2899 2901 2902 2910 2911 2913 2918 2920 2921 2931 2932 2950 2951 2963 2973 2977 2993 3009 3010 3012 3017 3018 3026 3029 3039 3046 3047 3048 3060 3068 3117 3118 3119 3120 3125 3139 3146 3147 3148 3153 3202 3215 3216 3217 3218 3221 3231 3232 3244 3257 3282 3284 3288 3294 3299 3317 3318 
73 497 832 1779 1936 2094 2974 2975 
247 1031 2088 2329 2613 2614 2682 3292 
420 463 1365 1504 1850 1933 2539 2540 3008 
329 1730 1889 2516 2517 2617 2618 2751 2795 
17 18 28 32 56 62 70 80 83 84 87 92 130 142 159 173 178 194 203 205 212 215 226 228 234 265 294 300 304 316 317 319 332 359 371 379 383 392 393 397 405 411 412 419 429 430 440 442 455 462 465 469 476 478 484 485 489 494 504 516 519 531 540 541 545 547 550 555 563 564 566 567 573 579 582 584 587 610 615 624 634 637 638 642 647 649 654 670 676 698 707 721 729 736 745 771 774 783 790 798 802 808 809 811 812 819 822 853 854 856 860 865 879 911 915 921 922 923 924 927 928 974 989 991 1000 1002 1004 1027 1033 1039 1046 1049 1052 1068 1077 1085 1087 1094 1102 1103 1107 1116 1135 1147 1162 1170 1200 1210 1221 1225 1233 1239 1247 1256 1265 1272 1280 1303 1307 1310 1311 1318 1324 1326 1335 1385 1387 1410 1419 1423 1426 1435 1437 1449 1455 1464 1472 1474 1477 1478 1485 1516 1521 1522 1525 1531 1536 1545 1562 1565 1571 1573 1578 1615 1620 1654 1656 1660 1678 1683 1684 1693 1710 1727 1753 1771 1778 1789 1791 1797 1813 1817 1826 1836 1842 1851 1854 1865 1868 1907 1919 1921 1924 1932 1939 1945 1946 1970 1992 1999 2005 2025 2028 2054 2055 2059 2066 2085 2100 2112 2120 2132 2134 2153 2154 2177 2179 2184 2189 2203 2210 2212 2215 2220 2245 2249 2252 2255 2258 2259 2266 2275 2278 2292 2296 2301 2312 2314 2315 2316 2335 2339 2383 2391 2440 2441 2447 2448 2449 2450 2451 2452 2463 2464 2486 2495 2496 2497 2531 2557 2562 2578 2602 2606 2608 2609 2610 2611 2612 2631 2643 2646 2657 2673 2713 2721 2726 2729 2730 2731 2734 2739 2740 2752 2763 2771 2776 2814 2815 2816 2817 2819 2835 2836 2837 2844 2845 2898 2899 2901 2902 2910 2911 2913 2918 2920 2921 2931 2932 2950 2951 2963 2973 2977 2993 3009 3010 3012 3017 3018 3026 3029 3039 3046 3047 3048 3060 3068 3117 3118 3119 3120 3125 3139 3146 3147 3148 3153 3202 3215 3216 3217 3218 3221 3231 3232 3244 3257 3282 3284 3288 3294 3299 3317 3318 
216 537 650 695 836 1655 1682 2000 2615 2791 2812 
588 668 828 1255 1275 1294 2536 2537 
420 463 1365 1504 1850 1933 2539 2540 3008 
216 537 650 695 836 1655 1682 2000 2615 2791 2812 
247 1031 2088 2329 2613 2614 2682 3292 
1 5 13 20 65 72 81 103 138 150 151 158 208 211 218 221 269 287 292 318 398 404 409 438 445 486 501 502 503 506 509 517 518 535 558 591 594 648 651 717 826 918 946 975 997 1011 1019 1023 1035 1051 1097 1105 1115 1131 1145 1146 1152 1167 1197 1206 1251 1313 1341 1353 1358 1444 1462 1463 1482 1493 1527 1529 1534 1575 1583 1584 1587 1666 1718 1736 1838 1843 1871 1875 1894 1896 1901 1902 1925 1944 2039 2048 2052 2109 2130 2141 2152 2170 2187 2227 2330 2360 2379 2387 2414 2428 2433 2478 2584 2647 2648 2702 2703 2704 2705 2706 2707 2708 2709 2710 2711 2712 2854 2891 2900 2906 2919 2933 2966 2976 3072 3080 3151 3199 3213 3228 3234 3235 3236 3246 3311 
17 18 28 32 56 62 70 80 83 84 87 92 130 142 159 173 178 194 203 205 212 215 226 228 234 265 294 300 304 316 317 319 332 359 371 379 383 392 393 397 405 411 412 419 429 430 440 442 455 462 465 469 476 478 484 485 489 494 504 516 519 531 540 541 545 547 550 555 563 564 566 567 573 579 582 584 587 610 615 624 634 637 638 642 647 649 654 670 676 698 707 721 729 736 745 771 774 783 790 798 802 808 809 811 812 819 822 853 854 856 860 865 879 911 915 921 922 923 924 927 928 974 989 991 1000 1002 1004 1027 1033 1039 1046 1049 1052 1068 1077 1085 1087 1094 1102 1103 1107 1116 1135 1147 1162 1170 1200 1210 1221 1225 1233 1239 1247 1256 1265 1272 1280 1303 1307 1310 1311 1318 1324 1326 1335 1385 1387 1410 1419 1423 1426 1435 1437 1449 1455 1464 1472 1474 1477 1478 1485 1516 1521 1522 1525 1531 1536 1545 1562 1565 1571 1573 1578 1615 1620 1654 1656 1660 1678 1683 1684 1693 1710 1727 1753 1771 1778 1789 1791 1797 1813 1817 1826 1836 1842 1851 1854 1865 1868 1907 1919 1921 1924 1932 1939 1945 1946 1970 1992 1999 2005 2025 2028 2054 2055 2059 2066 2085 2100 2112 2120 2132 2134 2153 2154 2177 2179 2184 2189 2203 2210 2212 2215 2220 2245 2249 2252 2255 2258 2259 2266 2275 2278 2292 2296 2301 2312 2314 2315 2316 2335 2339 2383 2391 2440 2441 2447 2448 2449 2450 2451 2452 2463 2464 2486 2495 2496 2497 2531 2557 2562 2578 2602 2606 2608 2609 2610 2611 2612 2631 2643 2646 2657 2673 2713 2721 2726 2729 2730 2731 2734 2739 2740 2752 2763 2771 2776 2814 2815 2816 2817 2819 2835 2836 2837 2844 2845 2898 2899 2901 2902 2910 2911 2913 2918 2920 2921 2931 2932 2950 2951 2963 2973 2977 2993 3009 3010 3012 3017 3018 3026 3029 3039 3046 3047 3048 3060 3068 3117 3118 3119 3120 3125 3139 3146 3147 3148 3153 3202 3215 3216 3217 3218 3221 3231 3232 3244 3257 3282 3284 3288 3294 3299 3317 3318 
17 18 28 32 56 62 70 80 83 84 87 92 130 142 159 173 178 194 203 205 212 215 226 228 234 265 294 300 304 316 317 319 332 359 371 379 383 392 393 397 405 411 412 419 429 430 440 442 455 462 465 469 476 478 484 485 489 494 504 516 519 531 540 541 545 547 550 555 563 564 566 567 573 579 582 584 587 610 615 624 634 637 638 642 647 649 654 670 676 698 707 721 729 736 745 771 774 783 790 798 802 808 809 811 812 819 822 853 854 856 860 865 879 911 915 921 922 923 924 927 928 974 989 991 1000 1002 1004 1027 1033 1039 1046 1049 1052 1068 1077 1085 1087 1094 1102 1103 1107 1116 1135 1147 1162 1170 1200 1210 1221 1225 1233 1239 1247 1256 1265 1272 1280 1303 1307 1310 1311 1318 1324 1326 1335 1385 1387 1410 1419 1423 1426 1435 1437 1449 1455 1464 1472 1474 1477 1478 1485 1516 1521 1522 1525 1531 1536 1545 1562 1565 1571 1573 1578 1615 1620 1654 1656 1660 1678 1683 1684 1693 1710 1727 1753 1771 1778 1789 1791 1797 1813 1817 1826 1836 1842 1851 1854 1865 1868 1907 1919 1921 1924 1932 1939 1945 1946 1970 1992 1999 2005 2025 2028 2054 2055 2059 2066 2085 2100 2112 2120 2132 2134 2153 2154 2177 2179 2184 2189 2203 2210 2212 2215 2220 2245 2249 2252 2255 2258 2259 2266 2275 2278 2292 2296 2301 2312 2314 2315 2316 2335 2339 2383 2391 2440 2441 2447 2448 2449 2450 2451 2452 2463 2464 2486 2495 2496 2497 2531 2557 2562 2578 2602 2606 2608 2609 2610 2611 2612 2631 2643 2646 2657 2673 2713 2721 2726 2729 2730 2731 2734 2739 2740 2752 2763 2771 2776 2814 2815 2816 2817 2819 2835 2836 2837 2844 2845 2898 2899 2901 2902 2910 2911 2913 2918 2920 2921 2931 2932 2950 2951 2963 2973 2977 2993 3009 3010 3012 3017 3018 3026 3029 3039 3046 3047 3048 3060 3068 3117 3118 3119 3120 3125 3139 3146 3147 3148 3153 3202 3215 3216 3217 3218 3221 3231 3232 3244 3257 3282 3284 3288 3294 3299 3317 3318 
329 1730 1889 2516 2517 2617 2618 2751 2795 
247 1031 2088 2329 2613 2614 2682 3292 
139 602 958 1063 1675 1858 2031 2543 3035 
216 537 650 695 836 1655 1682 2000 2615 2791 2812 
73 497 832 1779 1936 2094 2974 2975 
420 463 1365 1504 1850 1933 2539 2540 3008 
1 5 13 20 65 72 81 103 138 150 151 158 208 211 218 221 269 287 292 318 398 404 409 438 445 486 501 502 503 506 509 517 518 535 558 591 594 648 651 717 826 918 946 975 997 1011 1019 1023 1035 1051 1097 1105 1115 1131 1145 1146 1152 1167 1197 1206 1251 1313 1341 1353 1358 1444 1462 1463 1482 1493 1527 1529 1534 1575 1583 1584 1587 1666 1718 1736 1838 1843 1871 1875 1894 1896 1901 1902 1925 1944 2039 2048 2052 2109 2130 2141 2152 2170 2187 2227 2330 2360 2379 2387 2414 2428 2433 2478 2584 2647 2648 2702 2703 2704 2705 2706 2707 2708 2709 2710 2711 2712 2854 2891 2900 2906 2919 2933 2966 2976 3072 3080 3151 3199 3213 3228 3234 3235 3236 3246 3311 
216 537 650 695 836 1655 1682 2000 2615 2791 2812 
420 463 1365 1504 1850 1933 2539 2540 3008 
588 668 828 1255 1275 1294 2536 2537 
420 463 1365 1504 1850 1933 2539 2540 3008 
420 463 1365 1504 1850 1933 2539 2540 3008 
420 463 1365 1504 1850 1933 2539 2540 3008 
329 1730 1889 2516 2517 2617 2618 2751 2795 
247 1031 2088 2329 2613 2614 2682 3292 
216 537 650 695 836 1655 1682 2000 2615 2791 2812 
73 497 832 1779 1936 2094 2974 2975 
588 668 828 1255 1275 1294 2536 2537 
247 1031 2088 2329 2613 2614 2682 3292 
1 5 13 20 65 72 81 103 138 150 151 158 208 211 218 221 269 287 292 318 398 404 409 438 445 486 501 502 503 506 509 517 518 535 558 591 594 648 651 717 826 918 946 975 997 1011 1019 1023 1035 1051 1097 1105 1115 1131 1145 1146 1152 1167 1197 1206 1251 1313 1341 1353 1358 1444 1462 1463 1482 1493 1527 1529 1534 1575 1583 1584 1587 1666 1718 1736 1838 1843 1871 1875 1894 1896 1901 1902 1925 1944 2039 2048 2052 2109 2130 2141 2152 2170 2187 2227 2330 2360 2379 2387 2414 2428 2433 2478 2584 2647 2648 2702 2703 2704 2705 2706 2707 2708 2709 2710 2711 2712 2854 2891 2900 2906 2919 2933 2966 2976 3072 3080 3151 3199 3213 3228 3234 3235 3236 3246 3311 
329 1730 1889 2516 2517 2617 2618 2751 2795 
73 497 832 1779 1936 2094 2974 2975 
17 18 28 32 56 62 70 80 83 84 87 92 130 142 159 173 178 194 203 205 212 215 226 228 234 265 294 300 304 316 317 319 332 359 371 379 383 392 393 397 405 411 412 419 429 430 440 442 455 462 465 469 476 478 484 485 489 494 504 516 519 531 540 541 545 547 550 555 563 564 566 567 573 579 582 584 587 610 615 624 634 637 638 642 647 649 654 670 676 698 707 721 729 736 745 771 774 783 790 798 802 808 809 811 812 819 822 853 854 856 860 865 879 911 915 921 922 923 924 927 928 974 989 991 1000 1002 1004 1027 1033 1039 1046 1049 1052 1068 1077 1085 1087 1094 1102 1103 1107 1116 1135 1147 1162 1170 1200 1210 1221 1225 1233 1239 1247 1256 1265 1272 1280 1303 1307 1310 1311 1318 1324 1326 1335 1385 1387 1410 1419 1423 1426 1435 1437 1449 1455 1464 1472 1474 1477 1478 1485 1516 1521 1522 1525 1531 1536 1545 1562 1565 1571 1573 1578 1615 1620 1654 1656 1660 1678 1683 1684 1693 1710 1727 1753 1771 1778 1789 1791 1797 1813 1817 1826 1836 1842 1851 1854 1865 1868 1907 1919 1921 1924 1932 1939 1945 1946 1970 1992 1999 2005 2025 2028 2054 2055 2059 2066 2085 2100 2112 2120 2132 2134 2153 2154 2177 2179 2184 2189 2203 2210 2212 2215 2220 2245 2249 2252 2255 2258 2259 2266 2275 2278 2292 2296 2301 2312 2314 2315 2316 2335 2339 2383 2391 2440 2441 2447 2448 2449 2450 2451 2452 2463 2464 2486 2495 2496 2497 2531 2557 2562 2578 2602 2606 2608 2609 2610 2611 2612 2631 2643 2646 2657 2673 2713 2721 2726 2729 2730 2731 2734 2739 2740 2752 2763 2771 2776 2814 2815 2816 2817 2819 2835 2836 2837 2844 2845 2898 2899 2901 2902 2910 2911 2913 2918 2920 2921 2931 2932 2950 2951 2963 2973 2977 2993 3009 3010 3012 3017 3018 3026 3029 3039 3046 3047 3048 3060 3068 3117 3118 3119 3120 3125 3139 3146 3147 3148 3153 3202 3215 3216 3217 3218 3221 3231 3232 3244 3257 3282 3284 3288 3294 3299 3317 3318 
329 1730 1889 2516 2517 2617 2618 2751 2795 
1 5 13 20 65 72 81 103 138 150 151 158 208 211 218 221 269 287 292 318 398 404 409 438 445 486 501 502 503 506 509 517 518 535 558 591 594 648 651 717 826 918 946 975 997 1011 1019 1023 1035 1051 1097 1105 1115 1131 1145 1146 1152 1167 1197 1206 1251 1313 1341 1353 1358 1444 1462 1463 1482 1493 1527 1529 1534 1575 1583 1584 1587 1666 1718 1736 1838 1843 1871 1875 1894 1896 1901 1902 1925 1944 2039 2048 2052 2109 2130 2141 2152 2170 2187 2227 2330 2360 2379 2387 2414 2428 2433 2478 2584 2647 2648 2702 2703 2704 2705 2706 2707 2708 2709 2710 2711 2712 2854 2891 2900 2906 2919 2933 2966 2976 3072 3080 3151 3199 3213 3228 3234 3235 3236 3246 3311 
420 463 1365 1504 1850 1933 2539 2540 3008 
420 463 1365 1504 1850 1933 2539 2540 3008 
247 1031 2088 2329 2613 2614 2682 3292 
1 5 13 20 65 72 81 103 138 150 151 158 208 211 218 221 269 287 292 318 398 404 409 438 445 486 501 502 503 506 509 517 518 535 558 591 594 648 651 717 826 918 946 975 997 1011 1019 1023 1035 1051 1097 1105 1115 1131 1145 1146 1152 1167 1197 1206 1251 1313 1341 1353 1358 1444 1462 1463 1482 1493 1527 1529 1534 1575 1583 1584 1587 1666 1718 1736 1838 1843 1871 1875 1894 1896 1901 1902 1925 1944 2039 2048 2052 2109 2130 2141 2152 2170 2187 2227 2330 2360 2379 2387 2414 2428 2433 2478 2584 2647 2648 2702 2703 2704 2705 2706 2707 2708 2709 2710 2711 2712 2854 2891 2900 2906 2919 2933 2966 2976 3072 3080 3151 3199 3213 3228 3234 3235 3236 3246 3311 
588 668 828 1255 1275 1294 2536 2537 
17 18 28 32 56 62 70 80 83 84 87 92 130 142 159 173 178 194 203 205 212 215 226 228 234 265 294 300 304 316 317 319 332 359 371 379 383 392 393 397 405 411 412 419 429 430 440 442 455 462 465 469 476 478 484 485 489 494 504 516 519 531 540 541 545 547 550 555 563 564 566 567 573 579 582 584 587 610 615 624 634 637 638 642 647 649 654 670 676 698 707 721 729 736 745 771 774 783 790 798 802 808 809 811 812 819 822 853 854 856 860 865 879 911 915 921 922 923 924 927 928 974 989 991 1000 1002 1004 1027 1033 1039 1046 1049 1052 1068 1077 1085 1087 1094 1102 1103 1107 1116 1135 1147 1162 1170 1200 1210 1221 1225 1233 1239 1247 1256 1265 1272 1280 1303 1307 1310 1311 1318 1324 1326 1335 1385 1387 1410 1419 1423 1426 1435 1437 1449 1455 1464 1472 1474 1477 1478 1485 1516 1521 1522 1525 1531 1536 1545 1562 1565 1571 1573 1578 1615 1620 1654 1656 1660 1678 1683 1684 1693 1710 1727 1753 1771 1778 1789 1791 1797 1813 1817 1826 1836 1842 1851 1854 1865 1868 1907 1919 1921 1924 1932 1939 1945 1946 1970 1992 1999 2005 2025 2028 2054 2055 2059 2066 2085 2100 2112 2120 2132 2134 2153 2154 2177 2179 2184 2189 2203 2210 2212 2215 2220 2245 2249 2252 2255 2258 2259 2266 2275 2278 2292 2296 2301 2312 2314 2315 2316 2335 2339 2383 2391 2440 2441 2447 2448 2449 2450 2451 2452 2463 2464 2486 2495 2496 2497 2531 2557 2562 2578 2602 2606 2608 2609 2610 2611 2612 2631 2643 2646 2657 2673 2713 2721 2726 2729 2730 2731 2734 2739 2740 2752 2763 2771 2776 2814 2815 2816 2817 2819 2835 2836 2837 2844 2845 2898 2899 2901 2902 2910 2911 2913 2918 2920 2921 2931 2932 2950 2951 2963 2973 2977 2993 3009 3010 3012 3017 3018 3026 3029 3039 3046 3047 3048 3060 3068 3117 3118 3119 3120 3125 3139 3146 3147 3148 3153 3202 3215 3216 3217 3218 3221 3231 3232 3244 3257 3282 3284 3288 3294 3299 3317 3318 
247 1031 2088 2329 2613 2614 2682 3292 
73 497 832 1779 1936 2094 2974 2975 
73 497 832 1779 1936 2094 2974 2975 
247 1031 2088 2329 2613 2614 2682 3292 
420 463 1365 1504 1850 1933 2539 2540 3008 
247 1031 2088 2329 2613 2614 2682 3292 
216 537 650 695 836 1655 1682 2000 2615 2791 2812 
1 5 13 20 65 72 81 103 138 150 151 158 208 211 218 221 269 287 292 318 398 404 409 438 445 486 501 502 503 506 509 517 518 535 558 591 594 648 651 717 826 918 946 975 997 1011 1019 1023 1035 1051 1097 1105 1115 1131 1145 1146 1152 1167 1197 1206 1251 1313 1341 1353 1358 1444 1462 1463 1482 1493 1527 1529 1534 1575 1583 1584 1587 1666 1718 1736 1838 1843 1871 1875 1894 1896 1901 1902 1925 1944 2039 2048 2052 2109 2130 2141 2152 2170 2187 2227 2330 2360 2379 2387 2414 2428 2433 2478 2584 2647 2648 2702 2703 2704 2705 2706 2707 2708 2709 2710 2711 2712 2854 2891 2900 2906 2919 2933 2966 2976 3072 3080 3151 3199 3213 3228 3234 3235 3236 3246 3311 
1 5 13 20 65 72 81 103 138 150 151 158 208 211 218 221 269 287 292 318 398 404 409 438 445 486 501 502 503 506 509 517 518 535 558 591 594 648 651 717 826 918 946 975 997 1011 1019 1023 1035 1051 1097 1105 1115 1131 1145 1146 1152 1167 1197 1206 1251 1313 1341 1353 1358 1444 1462 1463 1482 1493 1527 1529 1534 1575 1583 1584 1587 1666 1718 1736 1838 1843 1871 1875 1894 1896 1901 1902 1925 1944 2039 2048 2052 2109 2130 2141 2152 2170 2187 2227 2330 2360 2379 2387 2414 2428 2433 2478 2584 2647 2648 2702 2703 2704 2705 2706 2707 2708 2709 2710 2711 2712 2854 2891 2900 2906 2919 2933 2966 2976 3072 3080 3151 3199 3213 3228 3234 3235 3236 3246 3311 
216 537 650 695 836 1655 1682 2000 2615 2791 2812 
588 668 828 1255 1275 1294 2536 2537 
139 602 958 1063 1675 1858 2031 2543 3035 
139 602 958 1063 1675 1858 2031 2543 3035 
588 668 828 1255 1275 1294 2536 2537 
