1280 564 745 1385 1778 3125 
2682 2614 2329 3292 247 1031 
2584 1871 2966 445 438 2891 
828 2536 1275 1255 1294 668 
1365 3008 2540 420 1933 2539 
1933 1365 1504 2539 3008 463 
2187 535 150 1051 1587 1115 
216 2812 2791 695 2000 1655 
2613 2682 247 3292 1031 2614 
2613 2329 247 2682 3292 1031 
828 588 1255 2536 1294 668 
1933 3008 2540 2539 1850 420 
1933 1850 2540 463 1504 3008 
771 802 2729 178 1455 1477 
3008 1504 420 2539 1365 2540 
2329 2088 2614 2613 3292 247 
73 2975 497 1779 832 2974 
3292 1031 2329 2614 2088 2682 
3213 1482 1463 13 2227 2330 
1275 668 588 2537 1255 2536 
3008 463 2539 1933 420 2540 
1933 2539 1504 1365 463 1850 
974 566 212 3147 2578 300 
588 828 1255 2536 1294 2537 
602 2543 1063 1858 139 3035 
73 1936 832 497 2094 2975 
1936 73 1779 2094 497 832 
81 1313 2048 1944 1871 975 
2613 2614 1031 2329 3292 247 
1675 1063 958 1858 2031 2543 
70 3153 159 1946 1116 1265 
2210 1423 610 2902 383 319 
1858 2031 602 958 1063 3035 
1529 1894 1051 2976 1251 150 
3035 958 1063 1675 139 2543 
216 1682 2615 2812 836 650 
1255 1294 588 828 2536 668 
1255 828 1275 2536 588 668 
1365 1504 463 1933 2539 420 
2791 537 836 1682 1655 216 
2094 832 73 497 1779 1936 
2613 2614 1031 2682 2329 3292 
650 1655 537 2812 2615 836 
221 2708 1023 3213 2891 535 
1842 3147 860 2266 476 2771 
1936 497 73 2974 832 1779 
1675 139 2543 602 2031 958 
3292 247 2614 2682 2329 2613 
2539 2540 1850 463 420 1365 
2517 1889 329 2618 2751 2795 
332 1656 798 819 2763 2731 
2540 1504 3008 1850 420 2539 
1275 2537 668 588 828 1294 
463 1933 2540 1504 3008 1365 
2682 3292 2614 2329 247 2088 
695 537 2000 2791 836 2812 
588 1294 828 668 1255 2536 
2516 2517 1889 2751 2617 329 
1031 2682 2613 2614 247 3292 
247 2614 2329 3292 2682 1031 
1272 2391 1027 2918 2252 1455 
1936 73 2974 1779 497 2975 
1031 3292 247 2088 2614 2613 
2536 2537 828 1275 668 1294 
602 1858 139 2543 1063 958 
247 2088 2613 2329 3292 2682 
2537 2536 828 668 588 1255 
1031 2329 2682 247 2088 2614 
2539 463 1504 3008 1365 2540 
1779 2094 1936 73 832 2975 
2812 537 836 2615 695 216 
497 2975 73 2974 1936 2094 
1294 588 2536 668 828 1275 
2812 836 695 1655 650 537 
497 1936 832 1779 2975 2094 
1152 535 2706 1097 2933 2919 
420 463 2539 1933 1850 1504 
2379 1444 1353 65 151 1011 
2614 247 3292 2682 2088 1031 
2537 1255 828 2536 1294 1275 
537 695 650 2791 836 1655 
2517 1730 2618 329 2617 2795 
2536 588 2537 828 668 1255 
2613 2682 3292 1031 2088 2329 
668 828 1275 588 2536 1255 
2094 497 1779 2975 2974 1936 
588 828 2536 1294 2537 668 
2329 2088 2614 2682 3292 1031 
1031 247 2682 3292 2088 2329 
602 139 3035 1675 2543 1858 
650 2000 695 216 836 2791 
822 736 790 234 1437 1615 
2094 73 2974 2975 832 497 
2613 2329 2614 3292 247 2682 
2540 463 1933 2539 3008 1504 
2618 2617 2751 2517 2795 1730 
178 3232 3257 1410 1654 2189 
2791 1655 836 216 650 695 
588 2537 1255 1294 2536 828 
2539 1850 1504 463 1933 3008 
695 2000 2615 1682 836 2812 
1031 2614 2088 2329 2682 247 
138 651 1145 1718 318 1051 
1221 32 3119 2752 1478 1102 
1419 2557 1435 1385 419 1265 
2517 2795 2751 1889 2617 1730 
2682 247 2613 3292 1031 2614 
2031 3035 1063 2543 602 139 
2812 836 1682 2615 650 2000 
497 73 2975 832 1779 1936 
463 420 3008 1933 1365 2540 
2152 1875 1894 1584 2702 1051 
1655 2812 695 836 537 2791 
3008 1933 2539 1365 1504 2540 
828 1255 1294 2537 588 1275 
1365 463 1933 1850 1504 3008 
2539 420 463 1365 1933 1850 
463 1850 1504 1365 1933 2539 
1889 2516 2517 329 2618 1730 
2682 1031 2614 2329 3292 247 
1655 2000 1682 2812 650 2615 
497 2974 1936 2094 2975 832 
588 1275 1255 2537 1294 828 
2613 3292 247 2614 1031 2682 
2906 292 2387 1718 3235 1011 
2617 2516 1730 2618 2517 2751 
832 2094 1936 2975 73 1779 
1684 1545 3047 822 1000 774 
2618 2516 329 2517 2617 2751 
218 502 2152 486 2414 518 
1504 1933 420 2539 463 1365 
2540 1504 3008 1365 1850 420 
1031 2088 2614 2613 2329 247 
918 221 2433 2584 1896 2647 
2537 668 828 1294 588 2536 
2578 462 3244 1162 2025 2814 
2682 2088 2329 3292 1031 2614 
832 1779 2094 2974 1936 497 
1779 1936 2974 497 73 832 
3292 1031 2329 2682 2613 2088 
2539 1933 3008 1365 1850 463 
2614 2088 247 2613 2682 3292 
1655 650 1682 2000 537 695 
3311 1251 2584 1353 1146 445 
72 2428 2584 1341 501 398 
2000 1655 216 1682 2615 695 
1275 2537 588 1255 2536 828 
602 1675 958 3035 139 1858 
602 3035 2543 1675 139 1858 
1255 2536 1275 1294 668 828 
