1280 564 745 1385 1778 3125 1239 1478 
2682 2614 2329 3292 247 1031 2088 2613 
2584 1871 2966 445 438 2891 1584 2919 
828 2536 1275 1255 1294 668 2537 588 
1365 3008 2540 420 1933 2539 463 1504 
1933 1365 1504 2539 3008 463 1850 2540 
2187 535 150 1051 1587 1115 2705 1584 
216 2812 2791 695 2000 1655 2615 836 
2613 2682 247 3292 1031 2614 2329 2088 
2613 2329 247 2682 3292 1031 2614 2088 
828 588 1255 2536 1294 668 2537 1275 
1933 3008 2540 2539 1850 420 463 1504 
1933 1850 2540 463 1504 3008 1365 420 
771 802 2729 178 1455 1477 2179 1307 
3008 1504 420 2539 1365 2540 1850 1933 
2329 2088 2614 2613 3292 247 2682 1031 
73 2975 497 1779 832 2974 2094 1936 
3292 1031 2329 2614 2088 2682 2613 247 
3213 1482 1463 13 2227 2330 1097 81 
1275 668 588 2537 1255 2536 828 1294 
3008 463 2539 1933 420 2540 1850 1504 
1933 2539 1504 1365 463 1850 2540 3008 
974 566 212 3147 2578 300 2112 2154 
588 828 1255 2536 1294 2537 1275 668 
602 2543 1063 1858 139 3035 958 1675 
73 1936 832 497 2094 2975 1779 2974 
1936 73 1779 2094 497 832 2975 2974 
81 1313 2048 1944 1871 975 2478 1035 
2613 2614 1031 2329 3292 247 2682 2088 
1675 1063 958 1858 2031 2543 3035 139 
70 3153 159 1946 1116 1265 3218 2316 
2210 1423 610 2902 383 319 2931 2721 
1858 2031 602 958 1063 3035 1675 139 
1529 1894 1051 2976 1251 150 2906 1353 
3035 958 1063 1675 139 2543 602 1858 
216 1682 2615 2812 836 650 2791 1655 
1255 1294 588 828 2536 668 1275 2537 
1255 828 1275 2536 588 668 2537 1294 
1365 1504 463 1933 2539 420 2540 1850 
2791 537 836 1682 1655 216 2000 2615 
2094 832 73 497 1779 1936 2975 2974 
2613 2614 1031 2682 2329 3292 2088 247 
650 1655 537 2812 2615 836 1682 695 
221 2708 1023 3213 2891 535 81 1251 
1842 3147 860 2266 476 2771 1531 2837 
1936 497 73 2974 832 1779 2975 2094 
1675 139 2543 602 2031 958 1858 1063 
3292 247 2614 2682 2329 2613 2088 1031 
2539 2540 1850 463 420 1365 3008 1504 
2517 1889 329 2618 2751 2795 2617 1730 
332 1656 798 819 2763 2731 822 1654 
2540 1504 3008 1850 420 2539 1933 463 
1275 2537 668 588 828 1294 2536 1255 
463 1933 2540 1504 3008 1365 1850 420 
2682 3292 2614 2329 247 2088 1031 2613 
695 537 2000 2791 836 2812 650 2615 
588 1294 828 668 1255 2536 2537 1275 
2516 2517 1889 2751 2617 329 2795 2618 
1031 2682 2613 2614 247 3292 2329 2088 
247 2614 2329 3292 2682 1031 2088 2613 
1272 2391 1027 2918 2252 1455 3012 1813 
1936 73 2974 1779 497 2975 832 2094 
1031 3292 247 2088 2614 2613 2329 2682 
2536 2537 828 1275 668 1294 1255 588 
602 1858 139 2543 1063 958 2031 1675 
247 2088 2613 2329 3292 2682 1031 2614 
2537 2536 828 668 588 1255 1294 1275 
1031 2329 2682 247 2088 2614 3292 2613 
2539 463 1504 3008 1365 2540 1850 420 
1779 2094 1936 73 832 2975 497 2974 
2812 537 836 2615 695 216 1655 1682 
497 2975 73 2974 1936 2094 1779 832 
1294 588 2536 668 828 1275 2537 1255 
2812 836 695 1655 650 537 2615 2000 
497 1936 832 1779 2975 2094 2974 73 
1152 535 2706 1097 2933 2919 501 2052 
420 463 2539 1933 1850 1504 3008 2540 
2379 1444 1353 65 151 1011 2706 651 
2614 247 3292 2682 2088 1031 2329 2613 
2537 1255 828 2536 1294 1275 588 668 
537 695 650 2791 836 1655 2000 2615 
2517 1730 2618 329 2617 2795 1889 2516 
2536 588 2537 828 668 1255 1294 1275 
2613 2682 3292 1031 2088 2329 247 2614 
668 828 1275 588 2536 1255 2537 1294 
2094 497 1779 2975 2974 1936 832 73 
588 828 2536 1294 2537 668 1255 1275 
2329 2088 2614 2682 3292 1031 247 2613 
1031 247 2682 3292 2088 2329 2614 2613 
602 139 3035 1675 2543 1858 958 1063 
650 2000 695 216 836 2791 1682 2615 
822 736 790 234 1437 1615 2913 332 
2094 73 2974 2975 832 497 1936 1779 
2613 2329 2614 3292 247 2682 2088 1031 
2540 463 1933 2539 3008 1504 1850 1365 
2618 2617 2751 2517 2795 1730 1889 329 
178 3232 3257 1410 1654 2189 928 2734 
2791 1655 836 216 650 695 537 2812 
588 2537 1255 1294 2536 828 1275 668 
2539 1850 1504 463 1933 3008 420 1365 
695 2000 2615 1682 836 2812 537 2791 
1031 2614 2088 2329 2682 247 2613 3292 
138 651 1145 1718 318 1051 72 2706 
1221 32 3119 2752 1478 1102 2951 440 
1419 2557 1435 1385 419 1265 2844 1789 
2517 2795 2751 1889 2617 1730 329 2516 
2682 247 2613 3292 1031 2614 2088 2329 
2031 3035 1063 2543 602 139 1675 1858 
2812 836 1682 2615 650 2000 695 216 
497 73 2975 832 1779 1936 2974 2094 
463 420 3008 1933 1365 2540 1504 2539 
2152 1875 1894 1584 2702 1051 65 2584 
1655 2812 695 836 537 2791 2000 216 
3008 1933 2539 1365 1504 2540 420 1850 
828 1255 1294 2537 588 1275 2536 668 
1365 463 1933 1850 1504 3008 2539 420 
2539 420 463 1365 1933 1850 1504 3008 
463 1850 1504 1365 1933 2539 3008 2540 
1889 2516 2517 329 2618 1730 2795 2751 
2682 1031 2614 2329 3292 247 2613 2088 
1655 2000 1682 2812 650 2615 2791 695 
497 2974 1936 2094 2975 832 73 1779 
588 1275 1255 2537 1294 828 668 2536 
2613 3292 247 2614 1031 2682 2329 2088 
2906 292 2387 1718 3235 1011 1167 65 
2617 2516 1730 2618 2517 2751 2795 1889 
832 2094 1936 2975 73 1779 2974 497 
1684 1545 3047 822 1000 774 1318 84 
2618 2516 329 2517 2617 2751 2795 1889 
218 502 2152 486 2414 518 2854 1666 
1504 1933 420 2539 463 1365 2540 3008 
2540 1504 3008 1365 1850 420 463 1933 
1031 2088 2614 2613 2329 247 3292 2682 
918 221 2433 2584 1896 2647 2170 151 
2537 668 828 1294 588 2536 1275 1255 
2578 462 3244 1162 2025 2814 516 564 
2682 2088 2329 3292 1031 2614 247 2613 
832 1779 2094 2974 1936 497 73 2975 
1779 1936 2974 497 73 832 2094 2975 
3292 1031 2329 2682 2613 2088 2614 247 
2539 1933 3008 1365 1850 463 2540 420 
2614 2088 247 2613 2682 3292 2329 1031 
1655 650 1682 2000 537 695 2615 836 
3311 1251 2584 1353 1146 445 1896 997 
72 2428 2584 1341 501 398 1901 2433 
2000 1655 216 1682 2615 695 650 2812 
1275 2537 588 1255 2536 828 1294 668 
602 1675 958 3035 139 1858 1063 2543 
602 3035 2543 1675 139 1858 958 1063 
1255 2536 1275 1294 668 828 2537 588 
