200 2309
850 2125
1394 1960
1709 3018
47 2295
1743 2522
323 1332
968 1070
2862 3002
2108 2656
1885 2318
1231 3142
1490 2090
1339 1512
172 353
906 3207
2343 2536
2008 2137
1440 2848
728 2791
2470 2985
1089 2770
134 1760
1315 2215
285 500
1629 3165
445 2066
698 1200
2132 2558
653 1313
944 2774
2086 2298
1611 1925
568 3197
1163 2323
389 571
25 554
1492 2907
2764 3301
700 2189
2086 3093
51 2417
332 2516
234 1981
70 2367
615 998
1174 1407
2558 3317
1309 3172
1233 3033
1554 2716
2092 2656
157 3050
58 713
759 1169
1726 2269
11 1391
757 1095
961 2588
519 3029
462 1183
1956 3261
227 871
711 1658
447 2717
1173 2592
2919 3314
1799 1822
968 2339
826 1352
2229 2494
1954 2375
1801 3099
1931 2391
2039 3007
2068 2396
1275 2351
386 2598
126 1210
1138 3285
594 2892
1573 1901
621 780
717 2325
223 2985
580 2585
1165 2192
1727 2224
7 99
1508 2302
959 3026
341 1930
74 2489
2356 3185
387 2720
1472 2613
435 1564
1488 2328
9 1578
997 1044
989 3255
433 2808
67 621
1499 3133
1538 2041
346 2516
699 2783
2453 2722
83 1913
1304 2484
582 2908
1369 1567
64 587
2399 2607
1155 2806
1984 3268
2437 2490
1869 3201
938 2548
1085 1435
242 895
1295 2004
647 656
1038 1215
1172 2463
1880 2549
1405 3079
2009 2965
1296 1860
1398 1728
1569 1875
244 1820
698 2930
2861 3302
614 2069
549 2577
2554 2885
1569 2670
667 2834
1077 2589
1314 3319
313 2571
1233 1753
2095 2312
1979 2546
2530 3323
200 1009
779 801
132 1893
1171 3131
1982 3081
388 2084
842 2174
2022 2973
1010 1987
478 1977
1554 2496
182 1835
2917 2922
122 392
822 2052
1113 1441
438 2700
142 1246
855 2988
1038 1303
766 844
817 1155
1557 2771
1015 2488
70 848
835 3195
1112 1746
1317 2789
2020 2797
984 1188
994 3304
759 1335
461 2166
1640 2661
619 802
771 2248
1032 1093
1430 1511
2407 2954
871 2307
732 800
490 2615
1441 3103
1808 3305
331 3116
91 660
2252 2872
1432 2990
2873 3256
1052 2360
206 2303
1499 3165
885 3122
202 877
712 2785
2249 2988
1475 1495
299 2652
938 2459
228 2183
830 1385
1307 3116
1475 2663
248 2951
1828 2558
551 1677
764 2953
637 1191
1546 1941
1415 1607
131 2636
718 3107
2483 3168
1595 2477
752 1708
464 2324
26 484
1714 1790
1692 3312
153 2282
1302 3014
555 2182
215 536
1332 2368
50 1143
499 1198
1228 2805
73 1764
244 2140
1339 1998
270 1640
349 1933
506 1996
1479 3060
18 372
905 1104
1148 1765
1357 2662
85 547
393 2506
236 2293
84 853
1447 2591
938 2076
260 3144
827 2474
686 1037
1773 3106
420 2644
131 3035
2100 2225
1727 2357
1088 2141
416 3140
830 2520
798 847
887 1333
1007 3321
1749 2646
2247 3039
279 812
2330 2664
483 1630
907 1283
644 2221
1234 1269
2116 2331
2033 2791
719 2251
2218 3102
1452 1613
817 2005
1161 1815
164 2263
1937 2710
1063 2820
1120 1898
1073 1823
1316 3158
2406 2492
2345 2625
716 1176
147 2825
646 2280
1648 1910
1578 3163
1046 1841
3090 3160
368 1783
289 1718
192 3134
220 1884
681 967
177 2187
3030 3150
698 3207
329 3224
713 2841
1638 2776
849 1453
972 3101
1075 1207
713 1794
463 2671
81 125
2177 2537
913 2907
95 1228
2883 2928
367 2590
169 768
764 3129
524 2802
97 2320
421 1743
1820 2012
2806 2982
2252 2953
2130 2295
2061 2195
1516 3155
773 2702
1028 2842
612 798
1268 3089
2138 2945
428 2783
854 3300
1176 1514
803 2580
730 2596
2625 3032
2010 2350
850 3186
203 2292
590 2701
1191 2023
434 769
516 2379
912 1970
917 1002
1716 2030
66 1770
1834 3068
1726 2977
345 547
383 1971
1926 3151
1975 1997
2005 2663
47 71
2121 3139
72 1067
738 2585
103 1320
1475 2469
1744 2105
309 607
1705 2113
2910 3271
1884 3024
1339 1912
4 2338
2035 2518
367 1752
1171 1955
962 3093
178 2868
445 768
49 539
2054 3062
805 2508
1054 1226
167 1848
321 1088
2016 2024
2409 3267
1743 2997
64 1053
1733 2166
1985 2530
847 2338
2583 3275
2247 3326
999 2700
823 1348
463 547
2787 3046
1950 2815
1160 2281
830 1472
211 2626
1036 1577
1558 2556
1920 2679
227 1932
2563 2785
238 1224
1456 2544
422 2064
78 2254
105 3031
316 325
1228 2313
2368 3305
143 2239
1721 1773
189 1797
3006 3103
1659 2764
2241 2711
609 2685
1580 2965
742 1637
361 368
210 1627
116 537
979 1958
596 2831
1598 3135
2788 3001
1777 2468
1359 1397
2231 2409
293 2914
600 3251
2666 3240
232 2675
780 1726
1011 3087
1958 2781
1433 2816
656 1318
504 2990
345 373
1338 1495
145 2648
2085 2332
374 930
1978 2880
860 1318
1305 1848
1673 2015
1359 1410
2803 2962
1900 3311
52 1409
878 3028
507 2892
1561 1666
1598 3125
3181 3295
877 1119
150 1428
1417 2295
1163 1741
395 1640
499 3009
1084 1713
540 2781
2733 2911
1476 2731
141 1091
368 1929
3167 3229
1671 1901
2796 3093
1623 2498
232 2269
61 1713
879 1851
2316 2986
42 1736
760 2510
144 1109
1468 1922
996 1209
2574 2692
2086 3054
1019 1049
709 1152
1580 2922
1014 3185
41 2944
871 921
938 2143
2006 2801
2396 2578
224 701
2927 3117
1073 2224
771 3054
344 357
59 1802
1479 2237
1536 1725
2685 3211
811 2452
2019 3270
250 1598
683 1220
421 2648
2108 3055
432 2577
2523 2659
1606 2399
466 3064
650 1573
1085 2584
2508 3290
1624 1666
2012 2040
1436 1880
2177 3046
526 612
348 1917
299 2290
754 884
1706 2908
2322 2997
184 2196
943 1165
1904 3009
1919 2643
1753 2202
2676 3116
1825 3130
910 1927
1097 1753
1112 3193
446 1154
2706 3000
2031 2416
898 2074
294 1779
519 2126
642 2642
1953 3143
2056 2072
890 1782
1753 2974
2705 3012
835 2669
202 770
812 1862
5 76
279 1219
431 2170
357 909
1423 3184
1099 2040
2226 2232
2017 3141
1497 3254
1481 2263
1890 2956
442 2422
2236 3184
3147 3221
1889 2731
1060 2620
365 2058
609 2455
813 1022
1812 1846
1768 2297
876 2246
1174 1531
1091 1496
2467 2801
486 1952
162 2651
533 2149
968 2077
3135 3201
558 3225
420 551
1263 1994
1356 3125
597 1532
1064 2953
1566 2971
1889 2950
624 1369
1058 1332
58 320
1541 3143
871 1771
941 1341
42 2972
144 1671
1651 2785
298 1994
1050 2007
2551 3307
152 1531
2335 3274
2554 2558
1434 2792
261 391
1731 3015
2283 2445
1331 2263
680 761
1910 1975
1081 3176
1949 2577
3064 3167
716 3163
1122 1981
396 1617
269 2330
482 637
1101 1140
2829 3125
637 1944
276 2725
1458 1944
770 2473
1649 2298
1325 3225
1081 1324
1156 1992
150 900
1371 1651
1248 2075
518 545
159 3236
2092 2207
1112 2070
644 2719
907 1637
674 877
535 1658
360 1769
1070 1636
2477 2929
2308 2891
594 889
225 1702
986 1306
851 2393
1250 1315
2694 3313
310 1022
2706 3287
564 1698
2612 3130
1313 1556
556 1056
1314 2949
863 3162
3060 3262
959 2312
15 966
2063 2255
170 1105
1783 2466
1392 1412
874 1306
513 806
811 2598
86 473
1503 2039
1280 1356
314 825
230 374
2160 2946
17 86
228 269
1320 1550
491 1811
1964 2374
2611 2859
1217 1393
2301 2819
1899 2510
806 2353
638 1228
628 1672
1392 2184
97 3204
1771 2626
1867 2334
1759 1977
2928 2953
1422 1803
980 3264
2290 2781
342 2784
1376 1543
1499 1879
231 701
534 2545
2405 3298
1504 2259
1001 1638
84 3284
1699 2583
1633 2000
84 1563
215 814
1980 2718
2285 3088
282 2710
1388 2433
2452 2712
1385 2544
1064 2458
1226 3045
38 1159
1959 3045
1459 2084
681 1036
755 1330
1164 2437
269 2375
1295 1581
627 3108
851 1424
1835 2348
1674 3154
1989 2671
1050 2801
321 2283
1233 2099
1458 2483
286 3079
237 334
691 2719
918 1715
999 2606
668 2772
95 2056
343 2832
507 3312
927 2623
2009 2362
2697 3144
1709 3003
1785 2733
105 2142
33 2611
563 2547
1378 1713
214 2807
1106 2422
504 2762
628 2303
210 823
80 2025
1210 2515
786 2596
207 1757
1952 2105
467 3230
3036 3202
48 2114
1926 2955
2712 2732
465 681
177 1297
978 1840
824 1782
1466 2863
1227 1269
803 2253
2763 3164
1007 1760
684 1515
1742 3032
431 1972
839 1803
885 1770
209 1407
1369 1474
536 1356
1810 2793
751 1317
159 359
1773 2582
178 2852
1148 3204
1377 3176
864 1724
2903 2928
460 2049
87 2032
703 952
764 2396
524 3201
1026 1233
1042 1586
2171 3014
83 3086
350 2118
180 2381
2616 3284
1809 1843
1771 2792
1596 2674
1816 2943
1698 1904
779 1863
1381 2197
2624 2707
2826 3107
1352 2664
1793 2406
69 3020
1353 2665
1381 2318
1030 2011
618 2561
26 2649
2511 3216
2483 2745
1531 2298
1045 2633
1096 2715
2381 2962
1469 2588
882 3020
265 1102
319 1976
1250 2894
1965 1973
2851 2969
669 1456
1471 1815
1058 2171
2337 2375
624 667
486 2539
136 2426
92 779
44 1785
383 2383
1941 3054
147 2929
2810 3094
636 2977
2616 2734
781 2056
473 2577
205 2354
329 1895
744 3040
1433 2476
1044 3189
1377 1412
968 2147
1028 2161
2875 3051
2284 3141
283 2952
996 1576
487 2044
125 825
1267 2420
182 3021
2170 2193
1310 2009
986 1360
1307 1940
1294 3089
1789 2128
34 540
276 302
399 3261
1686 2911
1075 2986
1245 2122
798 2714
1256 2545
2500 3020
1866 2325
2588 3249
1532 2565
2364 2458
1288 2613
530 2117
2696 3196
536 1931
364 2084
2482 2943
289 369
2048 2193
1135 1329
1949 2974
1771 3233
1048 2084
2899 3002
1591 2628
2040 2603
48 1331
825 3094
1313 3177
1268 1714
208 3162
0 2050
228 2731
723 2710
1193 2559
558 2048
1039 2766
1402 2589
1984 2536
770 1329
1896 2572
1471 2688
1112 1178
953 2762
43 2132
2422 3148
36 1082
1835 2713
1035 3038
378 1456
721 2353
1344 2481
1043 1357
1952 2974
1902 3153
2843 2953
323 2199
1590 2249
1017 3290
217 3057
417 3231
696 2417
1018 2962
163 1136
524 3213
1814 2752
1557 2193
1016 1051
635 722
2396 3144
2825 3141
61 2930
973 2932
2038 2273
2104 2447
1555 2942
1495 1845
442 2249
1921 2856
353 1911
321 796
2491 3237
727 2912
1860 3025
1764 2005
2993 3111
2469 3254
709 1322
1611 1768
258 977
834 2076
1178 2151
980 2395
269 2828
81 153
1980 2137
438 2642
1858 2705
679 1127
687 2034
24 2773
264 1442
540 3183
637 757
2707 3260
1984 2902
271 1868
1587 2448
145 2137
2489 2665
2406 2896
1252 2314
230 640
592 1630
765 1292
778 1411
364 948
2224 2366
338 1341
2875 3230
97 869
2616 2710
602 633
2757 3094
1060 2908
520 1991
2489 3316
410 2942
700 795
813 852
355 648
1162 3300
580 3066
493 1786
811 2324
585 1869
762 1007
584 1495
381 641
1863 2602
523 1219
782 841
2041 2199
402 2277
626 1088
240 3038
436 1601
3 2802
2024 2151
394 2952
1745 2178
876 2668
557 3216
1580 3314
174 711
2080 2554
1000 3233
655 1658
1973 2836
1161 1646
1738 3198
1637 2923
1730 1802
1563 2973
2247 2968
300 2076
2632 3187
2336 3045
441 1562
1151 1429
1772 2679
771 2785
1798 2588
1074 2148
1119 1518
519 2914
192 2821
1543 2339
679 1856
336 1602
1318 2257
244 3096
1922 2780
593 1709
38 1307
23 1407
2394 3084
1257 2363
120 1605
1484 1996
985 1495
1043 2668
214 2929
586 1260
353 500
1275 2007
308 1926
1119 1616
213 3122
434 2187
363 2801
1651 2150
2417 3086
0 3099
328 340
1566 2578
707 2322
286 3168
205 2722
1279 2749
1192 1698
850 3017
2053 2637
363 1852
949 3224
297 1498
1081 2626
189 2224
1205 1380
1992 2290
1729 2145
1360 2836
1877 2717
1948 3006
916 1218
1102 2577
769 1730
1094 3247
2127 2190
134 1713
786 2047
2543 2635
565 2164
3034 3281
2604 3288
1685 3018
2885 2929
1233 1805
1459 1888
2175 2244
1207 2198
26 2974
1920 2628
656 2998
382 1446
1920 2893
747 2856
1812 2951
247 2161
1388 3032
274 2932
399 2029
608 1465
2043 2325
1325 3097
397 2715
541 922
946 2548
2269 3167
12 1597
913 1324
865 1284
319 701
2999 3170
2203 3199
324 2887
598 2372
1772 1965
130 1337
317 525
294 2082
838 1279
1775 2915
2628 3319
1443 2670
228 2667
1446 1921
1194 2905
1151 3172
3003 3238
789 870
499 1934
91 2783
1185 2267
2500 3031
1064 1748
1101 1221
1287 2543
589 2623
471 1090
406 1747
966 2609
64 1754
3048 3137
1294 3234
908 1621
2270 3220
1498 3149
764 1055
181 2015
133 434
627 1171
925 2734
378 1778
35 392
1985 2979
2040 2277
269 1053
574 2741
31 2987
1125 2880
503 1405
264 2026
178 562
721 1484
228 648
1633 2160
1230 3167
1311 3012
1537 2043
2110 3216
292 3149
98 574
959 1248
1732 2138
81 750
290 335
1070 1609
2925 3177
2177 2609
1574 2167
1263 2683
1429 1812
724 1502
1168 1399
1450 1871
1803 2175
407 2060
1749 3107
2400 2924
141 1537
1975 2488
1120 2382
2988 3066
1426 1527
398 1579
726 2613
310 2369
982 3064
260 1465
853 1750
509 1568
276 1366
1375 2469
2106 3213
809 2848
775 1543
501 2472
1770 2217
574 2456
1691 1924
1170 2072
693 2938
1189 1942
2141 3063
317 701
880 927
826 2384
726 2446
2098 2283
641 1026
23 1013
1001 2272
2878 3297
1969 2812
805 1808
607 3284
2193 2822
331 347
514 1866
1215 2996
1104 2225
561 2880
1423 3290
88 2962
1575 3015
2496 2571
1031 1639
258 749
1592 2429
1080 2025
1938 2959
1658 2496
608 3054
1001 3165
2660 3065
731 1440
410 1268
201 2443
1051 2613
2279 2964
938 3230
2315 3066
1179 3027
2288 3314
1417 1772
2044 2953
1913 2241
273 1649
2834 3078
717 2071
430 1749
425 2686
372 3205
2154 2452
320 534
809 2419
941 2867
1968 2032
865 2585
781 1948
242 2048
185 1019
726 2655
2375 2392
1966 3276
327 3174
2731 2850
2138 2156
735 2102
2420 3302
11 2007
2776 2857
2585 3146
2365 2877
1639 1690
375 2734
732 985
455 1387
793 1791
1207 2828
822 1854
395 2504
646 2531
897 2113
1164 2377
1089 2957
222 3106
2730 3248
1870 2768
2762 3200
1568 2811
748 2520
1930 3163
76 1187
984 1893
2181 2781
2040 2662
730 1833
1694 2025
773 2060
1798 3165
276 2831
805 2537
1497 3173
1911 1995
2716 2917
1071 2921
483 3016
341 2029
1762 1908
1632 3110
1107 2471
2675 3186
1930 3032
1667 3067
153 1276
1046 3214
51 474
1084 2459
1214 2834
466 2266
954 3252
409 3080
53 677
776 2729
253 967
375 2799
1646 2999
129 937
