711 3251
372 3166
960 2909
226 488
381 2985
579 1002
120 586
2557 2864
1158 1859
27 1419
290 1164
980 2603
2319 2821
1575 1775
1259 2939
637 2120
239 2339
1673 2328
594 2832
1365 2468
826 1754
1614 2098
643 2065
165 705
2399 3316
889 1568
1254 1809
411 1925
1258 1294
387 1586
455 1083
17 839
1091 2047
2877 3071
1233 1484
1750 2534
1597 3069
123 847
2280 3117
2347 3274
313 2661
2317 2775
639 1132
467 1843
1276 1823
2522 2735
89 1235
776 2696
1902 2770
174 2102
2087 2434
1687 1817
968 3131
1810 3199
745 3113
1562 2716
1504 2226
817 1021
371 1856
1612 1997
1618 2494
1852 2252
681 2850
12 3100
589 1135
436 776
253 2479
143 788
217 1775
965 2568
466 2088
894 2962
176 696
1203 2247
119 2794
888 1426
485 1805
723 2927
68 613
1157 2648
1503 2080
293 2811
582 2267
96 1885
406 1952
1427 2773
693 1573
761 2683
363 1191
1285 1377
841 1489
912 1113
1051 2867
118 438
2954 3136
731 1959
2146 3237
1111 2109
1153 2362
2523 2540
1433 3072
2615 3050
2111 2870
940 1589
1859 2923
1467 3213
1359 3122
1197 1403
1586 3250
1145 3171
247 746
2081 2725
508 750
2613 2744
2598 2701
2173 2966
486 2577
383 1509
1191 1435
169 1320
2526 2861
556 1446
2451 2538
136 1817
1817 2001
2391 3310
1933 2868
2493 3047
1062 2885
1712 2073
1715 2636
977 2954
926 2314
1648 1670
316 813
1387 1733
2249 3100
857 1149
167 2685
181 368
1884 2706
27 984
1201 2810
896 3077
1357 2240
2753 2983
2335 3261
2388 3007
262 1506
601 1439
486 2266
1101 1914
874 1368
76 2291
1845 2579
333 1377
516 1004
2087 2103
740 1764
987 2157
2013 3075
754 1061
769 1535
704 1716
1964 2526
1026 3326
223 863
1404 1816
338 948
1528 2108
2362 2828
144 2147
2123 2802
1427 3126
19 2390
2762 2816
51 2104
702 2816
1763 2922
172 2986
1217 2358
844 3165
599 606
1427 1917
171 668
1674 2566
80 3262
2126 3230
1696 3237
1591 2150
1920 2060
313 2585
1031 2227
630 3204
1367 2423
1296 2390
2602 2777
383 1853
695 2030
570 1041
4 2625
1053 1293
1794 2370
1078 1395
319 1980
1145 2189
331 3284
673 1327
575 1515
1270 1421
1811 2404
699 2395
153 510
958 1828
2097 2147
547 3304
1986 2953
322 1474
2698 3275
1346 1927
883 2026
9 614
1419 2195
332 1029
2714 2990
509 3133
1397 1618
406 3040
1055 3068
159 576
360 1859
1537 2290
144 285
2027 2791
184 852
940 1253
712 2566
171 509
2934 2988
963 3078
250 518
1977 2282
357 900
1519 2645
467 2767
2571 3197
52 1594
588 1992
1863 2562
1659 2139
1630 2341
2708 3022
1812 2992
1196 2094
468 2951
1565 2095
3013 3114
2765 3287
2391 2978
1012 2287
156 1161
1573 2202
1556 2140
1850 1949
186 3251
1658 2529
663 1208
666 2436
486 2478
1424 2627
1793 2591
2061 2671
1483 2551
1070 1320
847 2987
2428 2711
572 1467
2808 2950
325 2767
2203 2229
962 1899
102 1944
554 1278
2465 3141
779 2946
2488 2865
823 2653
2786 2815
0 1951
744 782
701 2407
911 2464
202 2961
196 950
8 2696
1023 2543
438 1624
426 1012
632 3057
1148 2821
2517 2891
1051 2241
323 510
3063 3073
1374 3169
522 576
1445 2793
282 3218
1307 3079
1047 1462
1310 2757
1112 3150
58 1115
245 3165
2162 3220
988 2324
2962 3142
1191 1838
2225 2351
1150 2233
395 1239
885 3089
1262 3048
1854 2560
188 2105
89 683
1099 1876
58 3316
1739 2749
708 2000
1555 3077
371 2324
2201 3207
78 1177
1002 2456
1351 2106
711 1907
715 2771
1165 2599
767 2818
247 735
219 1719
593 2311
1340 2069
1920 2226
1468 2236
939 1654
7 362
1662 3279
2352 2566
830 2223
3230 3320
208 1273
2071 2409
125 210
399 989
749 2014
363 2473
539 1247
1240 2508
1357 1870
613 796
373 2922
2802 3009
1788 2074
561 1261
2003 2246
559 1337
1634 1854
109 1802
1334 2416
1776 2194
942 2566
1607 2422
2717 2906
575 2620
813 2668
2907 2923
159 1497
1090 3071
1719 2190
659 1154
3053 3260
290 1845
802 1081
298 1053
1902 3250
56 2944
141 2414
580 744
880 2744
525 3270
412 3231
408 1064
833 2986
202 1206
1097 2049
1622 2926
1485 3177
651 907
1723 2996
1612 3007
698 2416
305 1191
534 745
939 2380
216 2174
1219 3179
2376 2594
1020 1145
296 2292
241 617
1710 2513
345 1092
2000 2599
2943 3086
625 2040
2673 3073
112 1811
1377 2736
532 1192
1490 1728
464 2900
1279 2676
293 2743
2077 2445
847 3284
21 2824
1277 1723
8 2225
911 1364
70 2325
583 2056
95 670
863 2119
1144 1324
2013 2020
378 1623
802 2872
580 2697
2609 2697
723 778
2398 2495
424 2678
1820 1966
163 1856
654 2731
1354 1501
606 997
1163 2482
2169 2738
1626 1983
192 2943
1375 2886
977 3151
