2286 2932
667 2022
2238 2892
1890 2276
588 1222
901 3003
1891 2906
391 537
1897 2333
16 1652
668 1349
1797 2066
2141 2550
850 1972
1210 2562
2481 2893
2595 2738
892 913
834 3205
1768 2453
598 1509
1493 2761
544 2719
2006 2590
1832 3130
684 2888
1222 1242
260 565
1920 2694
160 487
787 905
358 1811
1583 2929
1982 2498
862 1573
1440 2215
1665 2571
2191 3175
1001 2024
1889 2864
1477 3036
1528 2602
1750 2386
853 2683
997 1901
1165 1238
50 904
41 1313
366 2165
2259 2281
1222 1601
444 2264
2712 3300
2047 3166
1178 2763
1758 2920
1259 3325
766 1497
408 2027
775 2229
1035 1640
622 1331
1268 2656
234 450
653 1309
626 2533
3232 3299
909 2147
411 2855
955 2699
267 2927
1714 2422
322 1740
204 2898
2939 3320
427 593
2765 2795
2236 2256
1624 2641
3318 3325
0 2210
216 2728
564 702
31 1532
970 2445
896 1175
1787 2704
823 3177
531 1437
959 2790
1737 2474
1879 2378
952 1866
16 3075
1873 2981
1186 2042
2309 2636
790 2343
644 1066
77 1504
1772 3325
300 1302
986 2273
749 2171
1217 3179
816 2755
1349 3106
991 1286
1483 2679
207 1488
362 2921
746 1882
2036 2315
420 3200
2394 2697
1463 1797
793 3153
1459 3215
1144 2822
509 2311
609 2825
840 879
959 2767
2458 2727
2215 2969
421 886
1173 1564
923 1151
141 3223
1511 2880
465 1904
1225 2248
1170 1647
1139 2343
1456 3182
1949 2953
869 1445
2576 3231
1172 1226
717 3126
2899 3219
132 2207
1416 2090
1461 1576
1056 1271
905 2679
1486 2554
883 943
2069 2380
907 1965
1511 2080
1590 2144
3154 3207
1861 3114
1260 2745
74 1884
1284 2208
1953 2303
2591 2721
1129 2005
726 2295
567 3214
76 96
595 2638
71 3145
2166 2187
1161 2897
438 2264
899 1817
1356 2727
1024 1323
87 627
268 1834
265 615
292 3140
1488 3291
1596 2815
1571 1986
1147 1915
268 1205
1809 1885
1701 3264
397 2366
2171 2921
1427 1987
1381 3012
635 2414
735 2501
277 2202
604 3073
664 671
1777 2365
1112 2231
827 2355
1781 2088
803 838
2657 3061
1888 2309
90 1320
361 2201
258 1142
346 1264
519 2467
900 2424
337 1026
320 2514
1983 3220
1495 2252
488 2754
801 2320
159 638
424 2342
845 1432
1422 2020
756 2196
2302 2707
869 1179
1269 2272
989 1571
512 2729
939 996
364 3230
1022 1906
193 1691
1326 3062
1424 2084
2200 2543
928 2396
1099 3190
2587 2961
252 294
2355 3249
353 2421
1476 2777
26 2026
671 2102
1729 2149
48 244
1061 1479
734 3070
1108 1572
1149 3169
216 1405
800 3262
34 620
557 1945
560 2783
1859 1876
1807 3236
868 922
165 1439
44 2699
1627 3058
6 768
422 2004
2003 2244
410 3094
425 1682
2195 3079
496 2865
216 605
1209 2154
626 1910
479 579
1 451
621 3152
1258 2284
2053 3022
1179 2229
603 2698
47 2242
2758 3112
327 2525
755 2167
940 3134
2345 3041
67 527
157 3273
2799 2991
427 3295
1925 2711
333 1391
2380 3035
1310 1513
529 957
84 1519
720 1818
257 1828
1618 2968
835 1396
830 1717
1373 3146
377 1335
1812 2272
772 1465
1097 2982
437 3192
355 1680
3030 3283
2243 2495
2041 3016
144 822
300 432
2563 3012
2115 2974
1047 2325
745 1120
1507 2346
2240 3252
67 495
1723 1970
1866 2782
988 2275
195 2648
1374 1673
1611 2412
940 1588
952 1553
2474 3177
2043 2405
470 1522
928 939
2675 2938
1636 3079
223 360
542 751
781 3248
1662 3235
2399 2454
374 1661
609 661
1413 2939
591 2333
2850 3064
1573 3315
459 1894
1281 1328
1884 2948
2960 3043
160 1579
541 773
1345 2670
2700 2985
20 1187
1645 2028
908 1896
2221 2331
542 2422
1751 2265
1974 3097
2437 2858
1704 1961
1627 2086
151 730
438 2886
1769 2435
1066 2436
1282 2326
570 2120
258 1625
1388 1413
1024 2439
431 2599
1634 2637
130 1952
1106 2527
1242 1377
580 620
0 3163
1677 2873
2462 2645
2675 2789
1825 1963
2335 3215
120 1776
189 1381
836 2522
354 2519
147 719
303 2135
451 2308
1777 2825
1076 1713
90 877
2342 3119
110 2643
84 1221
622 994
541 1298
1851 3030
1630 1988
1425 2373
669 2139
1393 2170
1169 1886
457 2723
995 3292
58 3163
325 1539
667 1657
1873 2258
220 928
654 1458
2512 2748
298 1274
939 1200
550 1486
1053 2461
1525 2581
2128 2880
382 1502
1078 1889
1248 2956
898 1702
467 1735
1769 2798
604 3299
492 1270
2716 3166
552 628
379 2781
1475 2854
541 1302
96 1437
1525 1790
689 2467
1388 2068
129 1223
64 2396
1196 2410
134 2168
999 1069
674 882
963 1888
131 3236
984 2487
487 885
493 1621
1637 2238
1858 1968
1179 1283
1867 2462
1657 2076
685 897
801 3314
490 810
1725 2616
83 1722
1909 3209
2182 2464
992 1551
1600 1956
184 2052
1892 3147
743 3318
1393 2142
1851 1937
499 1142
2437 3108
214 1140
773 1113
992 1807
1094 3005
1565 2114
382 962
1742 1896
323 409
2036 3020
956 3071
185 2928
677 1441
2159 2364
955 1516
505 1307
97 838
104 2055
2767 2839
427 484
768 2849
1394 3162
3041 3069
2181 3114
819 2949
2539 2868
1422 2744
1816 3138
2490 2975
128 3171
2292 2838
413 680
1069 3209
322 431
1696 2813
284 804
1364 2083
1240 1797
1352 2127
2020 2635
1513 2709
200 1228
1928 2570
1165 1236
2038 2689
22 1221
1663 1979
2205 3202
954 2611
1962 2977
841 2325
1120 2899
1308 1549
2880 3129
2410 2862
1746 1888
130 2862
1220 3270
117 439
2719 3041
634 647
364 2116
700 741
551 649
1961 2697
3221 3278
1160 1507
186 547
1365 1796
464 519
453 482
977 2474
367 2374
1579 2906
172 2943
1929 2283
1777 3061
1161 1508
1531 2084
550 2913
1034 2041
1895 1979
408 2411
3145 3270
204 1449
2755 2846
972 1339
352 2766
167 1985
145 1143
665 2997
1432 2581
1479 1911
331 1004
28 2800
1683 2608
101 2137
1328 1715
3019 3157
1894 2791
1862 2341
2762 3015
1961 2292
1057 2816
2339 2680
373 1271
1541 3036
934 1186
1156 2053
328 711
2659 3106
177 658
517 754
128 3026
1517 2836
2652 3094
1068 2690
123 296
107 1520
249 1851
75 1168
1610 3000
2088 2899
2776 2909
1802 2029
2116 2890
1142 1354
610 1848
245 1072
2088 2917
1571 2016
484 1125
210 2295
1997 2353
2945 3095
758 3323
2871 3146
2066 2233
209 2336
679 1282
1762 2496
711 2555
911 3282
1411 2000
2858 3054
1572 2344
193 652
315 1014
247 251
405 935
2282 2369
881 2612
2652 3080
316 1244
232 1272
2014 2307
1219 2598
1184 3296
763 2885
1243 1387
910 1583
1579 2761
777 2640
26 3229
71 119
137 1147
1227 1793
2773 3006
1459 3082
2213 3303
1032 1316
3110 3167
1667 2882
137 2059
403 2825
1513 3071
1132 1650
1215 1437
971 1714
2043 2751
1588 2576
1765 2883
731 2236
1746 3306
558 2991
1451 2058
1906 2849
55 542
700 2833
1890 2523
443 1469
612 2720
2509 2937
1142 1726
2351 3254
294 1080
776 2252
1782 2599
1472 3178
1189 1258
980 2585
3016 3100
1138 1850
604 2572
1569 2064
2166 2719
117 2234
1099 2514
385 1957
2017 2456
91 3246
489 3265
3132 3186
1607 2859
2162 2703
1070 2334
2092 2635
2153 2465
329 759
1912 2686
1858 2050
20 1074
1485 1548
390 1928
64 2163
666 1365
2148 3280
1300 1493
1771 2912
1459 2569
1241 1425
2352 2948
2506 3281
114 461
2749 3249
1192 2472
323 2697
1663 2731
562 3235
1690 1958
1171 2534
457 1065
323 1994
1317 1694
1197 2443
406 2322
472 1877
2127 2313
1066 3271
1049 2773
313 1740
171 2541
1701 1814
1783 3034
1073 2093
1798 2003
120 3231
816 1695
1821 3146
2330 2358
203 803
820 1000
685 1459
2360 2804
1470 1527
987 2425
1850 2562
1448 2402
984 2685
2993 3232
2457 2574
218 1443
523 767
340 2470
2016 2868
795 2367
1660 2010
419 804
396 3301
658 2654
1467 2545
1774 1888
1430 2078
1389 1799
1464 2894
358 3274
380 2566
487 2363
147 2852
957 3224
399 3064
977 1491
756 2664
2272 2695
428 745
1176 3259
333 2561
2062 3221
1216 2657
473 1390
2223 2918
1432 1751
1042 1080
649 2546
527 872
1139 1516
977 2021
238 1044
799 2243
1488 2078
177 628
1128 1781
1806 2473
2888 3304
294 3257
1802 3284
840 2882
252 3022
291 726
954 2638
637 1372
115 918
404 2351
465 2986
2391 3001
1214 2058
1250 1486
196 2331
1879 1923
209 2261
1286 2092
1241 3243
1293 1960
182 1996
177 758
1195 2620
238 1668
1055 1670
2921 3202
2911 3265
23 2771
1167 2732
1824 2108
1281 2345
1509 2352
1195 2076
2462 2544
464 2370
1525 3132
108 3260
0 1323
2114 2602
611 2788
1235 3308
2361 3233
279 3227
134 1677
803 2064
2655 2795
26 1460
1012 2494
2708 3188
1850 2776
1420 2972
1025 2284
266 575
1733 2627
306 1285
2090 2528
103 2921
63 2318
965 1345
749 3023
2109 2636
288 1353
1890 3086
431 3122
363 611
194 2639
1054 1947
1058 1908
1954 2887
1959 3231
348 2962
948 3125
504 1916
768 1428
817 1720
676 2019
565 3314
1093 1624
1486 1973
936 2580
1090 1744
1789 2648
838 1788
307 3064
472 1560
638 2010
372 1482
2656 2764
2102 2488
2239 2323
1423 3210
136 2019
738 2442
8 1443
1795 2444
2950 2972
1389 3226
1587 2424
247 2637
132 1338
839 980
1961 2741
1343 3204
137 3268
575 1535
1629 2524
889 1066
172 992
476 766
2065 2578
1741 1929
820 2116
772 2970
285 560
431 2829
2433 3001
1135 1472
2835 2981
1625 2428
2086 2875
724 2008
127 1789
552 2063
1010 1895
831 2418
2211 2399
647 2993
364 560
2341 3012
488 1517
824 1048
218 1000
537 2721
712 2146
907 3059
753 1918
705 1640
327 2066
519 3319
