535 2584
1180 1600
115 880
582 1004
476 3046
1422 2116
749 1195
2 3285
1319 1770
1214 2824
272 2765
147 2404
1367 2947
1015 1422
541 1865
1066 3204
1856 2979
2920 3296
2180 3107
1601 2700
1286 2790
1332 2777
1202 2527
773 1647
28 2059
59 1214
179 2696
1189 2060
2967 2968
43 2632
1070 1625
291 873
762 2337
667 1099
111 251
1422 2435
447 3286
968 1157
1021 2108
428 1647
1683 2448
902 1201
1049 2463
1106 2757
28 1447
92 582
2064 2396
1652 2733
557 1883
610 2911
777 1691
49 1253
1117 1567
1781 2659
3057 3059
588 1275
396 2887
2165 2561
1625 1875
2115 2967
2174 2413
1447 2560
2352 2407
428 2626
2196 2507
307 1290
567 2486
13 1871
887 2247
337 1650
2653 3291
808 2562
1214 1480
2075 3077
83 540
778 3223
655 3200
1227 1845
75 1300
680 2089
27 2282
1341 1925
350 2399
2010 3044
2189 3215
973 2778
2007 3269
941 1422
348 1991
2657 2863
794 1357
1168 1814
561 3025
1788 2251
686 2181
1055 2879
875 1131
1176 2226
2444 2650
923 2316
1130 1429
1273 1422
998 1515
147 1350
942 1863
1324 2817
247 2643
1571 3118
1091 2861
1238 2506
946 2906
579 1531
59 1422
620 709
1359 2174
769 1016
1620 2440
582 1693
1605 2637
574 1109
743 2140
3228 3236
2623 2624
108 2137
308 3221
945 3016
744 2466
212 3076
98 2510
351 1112
51 1034
194 1620
2706 2966
137 1034
361 2649
370 2157
1422 2021
1457 2644
1123 2343
138 2487
413 2719
1127 3141
887 2782
756 2385
514 2810
1633 2622
1069 2503
1290 2782
2625 2650
2041 2462
2670 2673
142 1455
331 1278
73 497
968 1605
150 1097
60 2992
194 1522
637 1620
1180 2581
1067 3021
670 1311
242 2032
2291 2828
155 2776
2350 2351
417 1335
178 1033
2722 2723
2782 2785
492 1422
374 2790
2555 2604
1156 3133
142 1002
2067 2732
220 2782
2392 2393
1522 2335
316 2932
1440 3034
1107 2496
1580 2361
3193 3195
8 1033
1044 2323
1189 3021
81 2414
877 1379
228 411
554 799
1025 2490
421 1135
977 2699
622 2416
1547 2432
195 1823
578 2225
2166 2416
1806 2804
1791 2819
241 603
661 1439
16 1567
468 2089
1297 2393
487 837
208 404
1172 1363
428 2404
1254 2722
395 2622
144 2110
1364 2184
770 2633
1181 3316
247 2848
1971 2062
1064 2633
147 2264
2894 3144
486 2356
525 705
959 1949
1811 3198
56 1027
1582 2299
27 755
1582 2032
648 2647
2368 2790
292 594
968 2226
917 2660
300 1531
2638 2639
2234 2829
159 465
1835 2063
972 1736
1587 2110
468 982
787 1413
962 3073
324 3116
54 1903
1853 2488
500 1809
1169 1209
1078 2848
1867 2357
79 298
76 1132
740 742
2367 2549
906 2568
13 1894
1411 2368
582 637
790 1545
1890 2884
2626 3054
419 476
870 2019
667 1179
877 2375
1199 1993
685 2961
1131 1251
1034 1422
1609 1625
2193 2742
593 2325
1410 2814
1903 2493
1596 3253
582 2391
487 1651
392 2316
1851 3125
21 1073
1301 2774
2174 2509
978 1764
2519 2718
121 3137
2782 2783
522 1830
22 2140
2092 2722
641 1080
930 2196
186 2883
1320 2159
220 1214
245 3189
541 2840
292 2141
721 1967
1356 1762
1475 3264
2341 2342
2726 2727
1775 1873
1030 2354
965 1943
616 1422
887 1943
1644 2021
2104 3276
1511 2502
1197 1896
740 1416
1208 1767
1034 1214
1896 2706
1164 2344
2281 2651
1606 2691
325 3184
220 1422
1117 1943
931 2597
2005 2713
453 887
1287 2940
1256 2259
755 2664
530 1621
1535 1763
254 1687
2851 2852
1230 1666
106 155
1313 3246
34 75
2649 2650
691 2417
336 876
483 2624
2583 2866
366 2061
2209 2604
269 3235
1422 1582
1214 2398
524 2938
237 1731
719 1190
151 930
2670 2671
222 2857
2306 3156
1799 1811
1165 2462
396 930
1176 2435
1583 3080
1131 1666
1719 2589
1612 2307
13 1493
2896 2897
2705 2966
2782 2786
1683 1836
2835 2836
1046 2259
2473 2672
16 1708
225 1528
125 831
2794 2795
1422 2821
965 2166
2097 2829
920 1832
2495 3046
1066 3203
194 397
2580 2581
279 688
2464 3120
771 1256
142 2734
1251 1843
962 2829
1965 2964
703 2745
1848 2401
637 2189
721 2683
1690 2221
1972 3245
2089 2217
225 1066
1571 3117
421 1162
438 1896
774 1562
542 2295
465 2345
486 509
1348 2276
404 1896
1028 1557
850 1605
219 3093
755 1009
2473 2868
2025 2977
696 869
2534 2837
2144 2250
1567 2416
1970 2909
2262 3295
1571 2055
1902 2703
415 2533
1019 1625
624 2292
93 2939
1971 2373
875 1918
1120 2654
1015 2443
1560 1705
413 2204
1727 1865
1401 2790
1306 3181
852 1304
744 2519
1603 2867
2646 3017
266 672
1015 2783
1034 2925
1840 2348
881 2363
709 2174
1422 2827
648 651
1143 3053
320 2962
657 658
1012 2681
2095 2245
1663 2396
1875 2428
404 2706
1201 2572
27 1943
602 958
