308 3221
1655 2331
1021 3066
264 1267
16 314
1997 2107
1469 2163
1999 2578
225 1066
1232 2926
2341 2342
1034 1644
1465 2832
1028 2320
81 1145
411 1410
999 2351
582 879
236 618
349 2760
1625 2638
979 2458
1612 2307
991 2557
2631 3009
616 755
16 1422
798 1992
1257 2797
2460 3142
564 3048
136 1702
189 2076
759 1512
623 632
357 1948
690 3007
2097 2829
351 2639
469 1478
1866 2081
1193 1841
161 2003
494 637
616 2415
1235 2335
669 2492
1012 2023
2581 2848
1342 2396
289 1422
1559 1593
624 2845
567 2730
348 1991
2554 2555
12 966
401 2739
266 2067
1838 2187
1995 2089
1112 1647
582 3148
1760 3114
1097 2933
1613 2727
458 2233
1567 2204
115 2122
2338 2339
790 1545
807 2782
637 2189
2638 2641
526 920
1457 2955
1079 1950
1688 1914
3203 3204
406 1296
1990 2161
2065 2686
2021 2651
151 2217
536 2477
290 2701
1698 1705
1219 1422
1683 2220
2899 2900
952 2982
2473 2670
1687 3220
1962 3031
151 930
465 2153
1904 2666
1724 2542
1030 2372
2934 2935
731 2310
2515 2911
1524 3064
1292 1811
319 2220
1891 3046
582 2840
1112 2522
942 1863
177 2442
2309 3168
556 969
347 2633
300 2815
265 1536
565 2484
198 2001
1971 2354
1075 2780
1314 3094
965 1422
306 1368
1640 1923
816 2426
1004 2920
877 2442
294 3046
1011 1583
300 1410
381 1457
664 1203
1151 1847
1131 1251
2219 2339
2985 2986
495 1422
28 1678
529 1724
47 1098
1567 2182
426 2129
2651 2828
438 2703
670 2844
620 2605
2401 2959
591 1145
1083 1709
840 2559
718 2241
1395 2984
670 1311
448 1090
1422 1470
1356 1762
1012 1214
2516 2517
2196 2217
1369 1981
3144 3145
1083 3069
83 649
1946 2899
1120 2654
461 1508
43 2633
260 2749
1761 2429
3200 3201
1018 3241
2851 2852
2169 3276
2509 2511
1230 1666
1768 3274
661 2640
1021 2108
626 2126
2316 2673
968 2882
2372 2373
180 2639
1011 2330
1224 2348
1586 3241
582 2973
1324 2816
1271 1461
167 1904
1887 2232
1422 2821
1822 3220
1399 1429
2033 2474
1353 2900
525 2573
8 178
191 2169
958 3035
1349 1749
109 2659
83 1225
1378 2907
27 755
1620 2631
584 2531
1117 2596
599 1259
494 1620
137 755
550 3010
1426 3153
487 734
709 1471
136 2520
755 887
2065 3206
373 912
2096 2958
2007 3269
1435 2730
1822 3107
1497 2336
566 2212
2165 2561
414 1128
430 1684
590 2868
405 2179
397 1522
835 1422
847 1398
540 555
803 990
476 2203
965 3014
524 2787
595 1961
219 3093
2801 2802
744 2586
2180 3107
100 2158
1026 3157
1344 2118
136 2315
1242 2311
1226 2853
2257 2925
2422 2655
241 603
962 2226
83 1077
968 1157
51 2525
636 3258
219 2254
2950 2951
268 3324
371 1746
1625 1666
1584 2380
2084 2197
3146 3148
2996 2997
1034 1230
335 1088
115 880
2667 2786
446 2388
500 3249
595 1447
98 386
2367 2541
525 705
2291 2828
1012 1644
1486 1864
1643 3325
1094 3051
188 2619
529 1958
924 2578
229 492
279 2326
616 1943
398 1843
847 1666
1091 1471
919 1425
468 1251
629 1460
2832 2833
1117 1943
1846 3247
2082 2957
603 2799
404 1718
561 1366
931 1117
1016 1866
629 1717
1429 2422
428 1439
1138 2767
138 2196
2425 3011
1009 1422
623 1506
211 1444
1214 1644
2967 2968
1887 2431
1708 2596
755 2663
591 1527
119 1829
120 1650
1939 2447
668 1294
241 1414
505 1729
616 931
486 3228
310 2936
1461 2918
352 3293
682 2228
439 3128
1666 2110
1487 2138
729 2977
1251 2398
347 2527
3051 3207
705 2577
1493 2712
1254 2722
287 1011
395 2519
600 1001
1970 2836
1367 2947
396 2217
222 567
2782 2785
438 1896
373 2416
1230 1290
1027 1620
1971 2373
622 1708
559 1013
1152 2703
177 2687
486 1115
996 3116
1202 1570
1038 2082
593 2325
1385 2452
1567 2416
1244 2944
1021 2589
1625 1965
1163 2348
2144 2250
229 2282
696 869
1422 2139
2596 2599
539 1783
1932 2447
468 2718
2899 2901
1076 1589
747 960
106 155
71 328
1533 2927
2458 2460
953 1440
597 3174
2603 2669
1493 2187
1343 2398
2025 2977
1097 2919
2731 3232
630 1757
1591 1665
266 3298
1379 2353
650 1655
2350 2351
1755 2363
1471 3128
1890 2628
1410 3294
1422 2490
1729 2345
329 1889
552 2412
2681 2886
1877 2401
1201 2572
12 794
923 1170
1355 2984
1182 2960
1091 2874
2208 3128
1066 3204
2185 2206
2174 2413
530 1621
1487 1491
1144 1282
1165 2462
1617 1724
1605 2416
342 678
1620 3026
135 2080
561 3025
2494 2954
2835 2836
1484 2912
254 1543
1183 1600
1102 1939
132 3134
585 1214
7 1833
409 1341
1848 2401
2732 2733
239 1321
2585 2782
170 491
1584 2379
998 3314
541 1464
1032 2514
2308 2341
1625 2224
1099 1530
147 2626
1772 1890
721 1485
43 1429
691 2481
268 1942
378 3272
2872 2873
922 1087
874 2866
549 2361
527 1943
1587 1625
1117 1708
1069 2504
1724 1958
281 646
1644 2404
1002 1200
863 2209
1035 1051
185 3278
591 2704
453 1422
968 1567
468 768
1167 1901
909 2268
1545 3026
999 1948
1143 2573
1144 2382
2146 2500
1262 2978
1875 1989
292 594
347 1853
154 1112
2224 2676
2217 2645
218 1896
774 2606
2092 3222
1395 2323
2668 2846
1483 1795
1583 1843
1004 2816
1493 1894
642 2464
2032 2299
1761 2565
202 1594
887 1214
847 2633
582 3017
497 1779
182 2262
1541 3100
246 1422
1296 1585
156 3084
2772 2773
295 3061
103 2130
27 1012
2372 2375
1135 2899
1517 2361
1943 2418
1170 1225
114 2074
1180 1600
275 1297
2904 2905
2911 3046
2121 2390
3066 3067
101 1340
706 800
468 968
2007 3270
165 944
81 558
688 1928
245 3189
958 2543
1010 1703
1878 2936
1251 1625
841 1459
1374 2078
886 2655
641 825
715 1725
792 1671
413 2718
1772 1822
313 2984
667 1099
2473 2672
771 2646
709 2369
1230 2859
2226 2361
1440 2124
22 3251
131 2622
2154 2993
2527 2633
756 2385
344 2238
150 1357
1333 2594
548 851
1548 3268
1784 2231
1410 2345
700 2035
683 2558
1330 1699
911 3060
1007 1208
2794 2795
953 2736
1034 2782
2041 2462
2248 2285
16 2416
374 2790
2614 3292
245 3204
1186 3193
2615 2812
3030 3263
1214 2826
1033 1426
667 1555
104 1768
582 2921
2163 2547
1180 1366
1936 2974
1772 2222
967 2701
1992 3139
1009 2507
468 2217
2632 2650
208 997
1448 1971
567 2005
1518 2267
1112 1480
238 735
447 3286
753 1947
1730 2795
1164 2344
515 1383
1422 1658
670 924
1890 2884
930 2519
1721 2672
998 1515
1759 2621
33 3197
807 2667
641 1447
186 2507
49 2228
1290 2782
847 1875
69 2370
750 1065
468 1362
496 861
31 1759
170 2583
1129 3241
1598 2285
2153 2345
27 229
1279 2627
28 1578
1580 2183
493 1214
2329 2613
70 2557
796 2119
2089 2217
218 2433
213 2097
1326 1408
1534 1896
2320 2322
134 874
208 2433
1084 1123
147 2405
2545 2799
1097 1894
1446 1574
1082 2532
229 895
430 2844
304 637
1439 2638
973 2778
166 667
946 1584
365 630
1173 2794
1365 1504
95 2269
1858 2543
418 1207
450 2299
1650 2888
411 1033
370 2157
1422 2396
2973 3009
428 773
1746 2339
1708 2418
1999 2212
121 1911
1244 3193
927 1135
638 3039
3036 3203
1102 2602
866 3239
749 1195
1422 2824
16 1567
1348 2276
564 1477
698 1004
877 2375
47 3130
1489 1805
40 2625
1326 2245
1349 3129
447 1184
292 1843
1903 2420
336 561
498 2652
61 1443
1842 2646
2040 2957
1419 1698
868 897
2610 2612
550 2899
286 2401
588 1255
1212 1473
1523 3170
541 1768
1989 2426
110 3274
1517 2362
147 2264
1213 2325
1567 1708
491 2994
1831 2264
1523 3172
49 1510
181 1262
3146 3147
413 1812
2067 2790
47 1388
1714 1869
1747 2390
1543 2732
1896 2048
645 3315
582 1701
576 1887
929 2863
1189 1767
887 2282
421 2631
1214 1230
3180 3181
850 2024
1605 2925
1401 2790
2729 2730
2548 2549
28 2312
179 2436
453 2053
912 2416
535 2584
1696 3114
265 2452
1948 2350
968 2782
1724 2253
321 2227
1775 1873
946 2906
114 1686
101 3087
908 2708
876 3025
1468 1867
254 2619
1705 2559
2292 2950
2329 2614
468 930
679 1979
1410 1531
582 1410
825 2855
196 2508
2369 2371
1676 2554
226 2713
2703 2976
965 2829
755 2128
205 3076
269 3228
1131 2621
1759 1918
1130 1591
327 1382
761 2375
1084 2343
2472 2473
2820 2925
84 582
1711 1774
1731 2774
501 1011
2706 2966
1130 1666
649 2646
359 3029
142 2059
2282 2829
2396 2398
1339 2758
1131 1609
1864 2509
1411 2067
268 2622
132 779
1260 1981
714 1083
3172 3173
1091 2861
1507 3001
1145 2152
1379 2442
229 2023
860 3296
113 1875
1657 2868
1777 2224
1239 3215
465 2345
468 2196
229 1230
1092 1662
835 3030
2805 2908
272 450
1049 2339
2311 2880
421 1135
1585 2771
1422 1630
1787 2209
1887 2358
117 367
353 2434
160 926
980 1645
715 2405
107 3193
541 3048
1725 2868
2481 2597
1281 2234
1670 3256
1956 1965
2637 3164
1193 1981
1458 2972
643 1741
193 572
1115 2891
220 2782
2207 2532
648 2575
656 2940
1422 2668
339 472
229 307
1587 2331
634 2899
124 1811
427 840
615 2673
965 1567
887 2782
920 2547
142 1200
257 720
1710 2112
1379 2375
1117 2166
394 1879
361 2444
150 1622
28 1912
1663 2396
2480 2481
1013 1605
229 2782
1092 1579
303 937
374 2368
2477 2559
2487 2489
468 1853
160 2716
68 2411
541 3050
1070 1625
60 916
975 1295
2685 2686
1422 1663
968 1605
1708 2925
2063 2912
19 3308
412 2440
24 1227
661 2264
81 591
110 472
1039 2531
336 2580
767 1321
147 1350
706 2927
1823 3045
567 3221
266 1809
1222 1864
