138 680
1666 2435
1327 2164
2355 2356
229 492
1235 2245
1328 3162
147 2625
1113 3211
204 3087
777 2560
1585 1874
1625 2681
163 3182
296 2853
1002 2734
1180 1600
1901 2648
670 924
670 865
2772 2773
228 1233
1129 2513
1238 2506
608 2889
1683 2449
468 2089
677 2506
1679 3295
534 2287
1025 2490
1310 3125
790 3026
840 2477
1943 2416
975 1295
1297 2393
570 1786
1626 2856
119 1829
2161 2424
402 2861
1417 2645
585 1422
106 2189
278 2015
2418 2597
131 935
105 976
1410 2345
1072 1309
94 2793
2417 2637
1015 2783
460 992
1043 3274
2646 3018
2056 3243
690 2939
2889 2890
482 830
1815 2885
1128 1761
2399 2861
1820 1954
1587 2421
74 2365
861 2178
268 3242
150 1357
1900 3111
1484 1920
1189 2060
406 1296
530 664
1143 3174
934 2133
336 876
2251 3295
1301 2774
416 1758
922 1087
222 2857
1585 2779
2967 2968
1889 2751
525 2573
208 2705
670 974
1818 1992
2583 2866
1517 2361
460 3030
705 2422
1589 3272
1330 2369
429 2154
179 1860
1918 1995
1119 2749
2101 2229
619 2290
815 2339
1333 1879
673 2445
502 517
1255 2537
1967 2672
1802 2323
865 924
443 857
877 1379
2136 2505
259 1637
428 2264
1981 2340
2324 2506
975 2478
672 3133
1768 1964
411 1410
2899 2902
998 2909
1422 1590
1616 1752
3193 3194
292 2141
2010 3044
2021 2651
921 3026
493 1214
1896 2708
1012 2681
90 118
2092 2722
220 1422
101 2855
1539 2653
2458 2459
677 1275
1210 2612
683 2558
1167 1493
1665 2633
1563 3062
1123 1855
309 1680
547 819
2239 2632
1018 3241
1683 2450
388 2254
1515 2050
591 1527
757 1420
1569 2708
453 1009
413 2204
951 2656
623 632
383 989
331 1709
567 2898
1461 2918
1875 2428
533 1764
917 2176
864 2874
29 2838
572 1998
709 2174
1980 2655
2585 2782
962 1422
993 2925
2366 3286
582 3148
1825 2443
661 2640
1887 2233
1131 1251
1 2919
2487 2489
404 1718
2084 2197
1582 2299
1205 2830
1871 2478
102 1639
2372 2373
1194 2246
1422 2825
2154 2993
2365 3163
1260 1981
2507 2598
2673 3284
1379 2353
208 2706
60 793
648 2647
138 468
109 1819
1214 2475
1620 1817
404 1896
1572 3049
2048 2710
655 3200
2424 2425
1672 2353
2023 2782
1052 3215
307 2782
951 1638
715 2405
953 2736
1111 2727
835 2828
283 3252
1000 1545
1600 2848
1116 1836
667 1555
12 557
1214 1219
535 2584
1867 2358
212 3076
1433 3064
1410 3294
2007 3270
2447 2449
3193 3195
923 2911
1600 3025
2271 3268
329 1889
180 2639
413 2720
128 1041
83 649
730 2986
1044 2323
582 3017
1555 2015
1180 2643
81 1145
2304 2528
209 1991
1070 1625
49 2455
1710 2918
1219 2782
2063 2196
2144 2250
3017 3046
3133 3134
1948 2350
16 1422
490 2858
951 3154
1910 2925
877 2375
1471 2494
264 1267
1395 2323
2418 2490
696 2352
1241 1907
1414 2861
1352 2412
2703 2705
1196 1791
2464 3120
302 1943
2338 2339
1135 2683
2416 2490
1484 2113
217 2867
471 2588
2306 3156
83 3299
819 2734
172 2320
2094 2975
1087 2054
59 2826
1915 2302
819 3046
1875 2427
1006 2762
2868 2869
1666 2427
409 2584
1429 2420
1214 1644
1 2933
88 3156
2296 2646
12 794
1472 2210
1999 2578
1814 2143
577 1027
331 2948
1822 3271
49 1253
512 620
755 2622
300 2815
1390 2173
58 1416
1941 2998
832 1779
666 1491
1567 2416
620 2439
1726 2368
2681 2886
1850 1933
1219 1422
225 1066
319 2220
492 2404
1031 2329
173 519
1087 1620
1021 3066
798 1992
154 450
18 778
96 132
604 692
1097 2919
51 2525
1440 2736
990 1223
2415 2597
1144 1556
774 2606
998 1315
2017 2410
1186 3193
1605 1943
453 1422
179 2696
455 1684
1448 1971
308 3221
468 1362
1180 3025
448 888
2426 3027
649 2911
468 2719
685 2961
2835 3076
504 2844
1079 1950
616 1605
776 781
971 2529
1567 2182
263 2422
525 2577
2214 3290
600 1001
588 2536
227 1809
1292 1811
102 2198
6 1501
250 825
1761 2565
1009 1422
1080 1340
390 2105
385 1700
761 2375
1709 2948
486 1202
506 3213
472 780
1472 1813
1605 2925
1371 1962
2514 3241
1822 3006
2281 2651
586 2116
2323 2434
307 2398
2080 2662
413 1812
1358 2919
865 2266
540 555
1055 2879
220 2782
1253 1510
920 2547
2174 2439
1348 2276
1758 2217
210 3183
1890 2628
203 1094
61 1734
1524 3032
479 3105
2498 3274
1038 2082
1163 2348
344 2238
50 2528
699 1347
887 1214
584 2531
1238 1422
97 2572
13 1871
726 2747
403 3185
1015 1275
218 2703
799 1422
480 571
428 1647
1290 2023
1678 2316
178 1033
16 2166
428 2404
347 1758
2705 2966
541 1865
58 2009
1447 2560
906 2567
941 2782
544 1915
706 800
627 755
1145 2152
1380 1416
1214 2786
404 1534
744 2586
1887 2232
781 2479
2286 2965
1130 2057
2167 3131
121 3137
237 585
1031 2328
637 808
2396 2398
984 2046
1865 3046
2447 2451
205 854
891 2087
2278 3046
2739 2740
484 1531
624 2134
719 1190
1859 2221
160 2133
1117 2166
2050 2587
963 3158
1202 2527
2127 2841
667 1707
648 2575
771 1103
494 1620
1112 1644
941 2564
1683 2451
1324 2817
2747 2748
1064 1202
1919 2259
540 2910
1335 2612
2615 2812
100 1026
550 3009
772 1296
569 3153
1135 1485
501 1011
112 1249
150 2474
1668 2399
1838 2187
968 2967
468 2718
2342 2878
157 2507
921 1280
965 2234
468 1853
1907 2005
1122 2396
153 396
462 476
587 2840
737 1460
1532 1915
1054 1214
70 2899
1453 1625
829 2411
965 1157
3193 3210
908 2708
2398 2925
464 1758
542 1020
267 749
627 2564
1352 1829
374 2790
2047 2991
934 1616
1112 3014
1791 2819
1183 1600
637 2931
453 1644
2217 2633
1252 3117
349 2760
229 1230
1214 2650
51 1422
412 3257
1000 3120
582 790
2162 2622
2851 2852
942 2305
706 2927
1491 1767
16 1605
1567 2655
229 2023
1979 2800
472 2269
691 2597
980 1645
487 1140
645 3315
1343 2398
2385 2386
2005 2713
61 1443
565 904
1509 3056
744 2519
1453 1875
2936 2937
2309 3168
2899 2903
15 2521
1609 1625
1940 2405
1253 1915
2586 3138
1216 1801
928 1326
361 2649
722 1334
541 3048
2534 2837
1995 2089
435 1996
64 1431
1235 1677
1456 2188
13 1894
291 873
998 3314
1746 1981
1019 1875
175 2941
1026 3157
39 1412
2023 2282
159 465
511 625
237 2398
294 540
1495 1929
1427 2925
303 1190
2392 2393
1557 2321
1143 3193
194 1620
540 2911
355 1121
703 2745
27 2021
1032 2514
1211 2779
43 2632
953 1440
114 1686
877 940
212 783
756 2385
194 3052
1011 1583
1694 2486
2950 2951
1035 2703
551 1259
2643 2776
1880 3150
3036 3203
2228 2363
542 2295
541 2840
923 1170
299 1134
1136 2196
7 2137
450 2196
1491 2060
1299 2406
1943 2226
2722 2723
1422 2115
27 755
538 632
540 3046
1918 2797
568 1839
497 1779
499 2274
2782 2785
2224 2675
10 1670
2075 3077
371 1746
170 491
624 915
886 1567
1275 1731
882 2519
762 2337
965 1422
1840 2349
847 1398
215 582
253 1992
195 1823
2104 3276
1999 2212
1324 1410
2603 2669
80 3029
755 2663
472 1704
1151 1847
98 2297
887 2282
308 2930
847 2633
1536 2452
212 2835
968 2774
2444 2650
2334 2538
931 2597
585 1943
955 3144
443 2406
213 3073
297 513
784 1822
965 1943
266 3298
290 2701
2385 2893
68 2411
1120 2654
329 2517
2545 2799
533 2691
1688 1914
43 1625
784 1715
808 2066
3180 3181
768 2964
1350 1399
968 2596
1811 2102
2016 2569
1732 2033
492 1644
2014 3088
1877 2401
1918 2650
36 763
48 2185
2348 3040
207 270
2794 2795
138 2487
1710 2215
689 3221
1012 2475
709 1471
602 1858
283 1596
1030 2372
3132 3193
164 2409
453 807
394 2711
1609 1877
1372 1841
1156 1738
829 1505
1097 1875
1271 1461
604 2458
2233 2372
607 2868
1153 3079
960 2501
962 2226
434 2361
1411 2366
847 2360
1157 1281
1523 3170
2067 2732
843 2551
1130 2331
1808 3011
2632 2650
2934 2935
76 2428
52 274
2820 2925
880 1877
54 2378
527 1422
1001 1119
102 1016
266 672
1214 1480
1422 2622
2080 2661
1887 2358
2417 2597
144 847
715 1725
1172 1363
500 3249
1433 3065
565 1330
437 2922
1343 1427
2447 2452
69 157
1030 2354
889 2799
1063 1675
22 2140
2920 3296
1117 1708
2288 2541
1422 2822
307 1943
114 1419
351 661
2361 2443
2230 2860
3103 3267
2456 2457
782 2945
153 2925
266 1809
847 1853
1906 3155
1576 2174
1044 1619
453 2053
541 1768
998 1515
504 2292
2494 2861
1422 1644
2312 2401
549 1422
509 1570
1472 2646
1110 1952
2159 2895
835 2782
1522 2335
19 1338
124 1811
1078 1259
1210 1531
2181 2828
1071 1422
2625 2650
923 3099
1933 3008
1429 2421
1333 2594
616 2597
1484 2912
541 2721
1422 2064
582 1701
2262 3295
2916 2917
1620 2977
591 2704
10 2622
2726 2727
1499 3135
835 1422
935 3233
1422 2681
158 2919
1795 1821
1547 2432
481 2236
2183 2361
1965 2964
453 2786
1550 2036
1156 3133
1129 3241
389 2111
1422 2230
1584 2380
1378 2907
1702 1711
2400 3089
990 1207
428 2405
152 1429
344 3289
965 2829
1965 2488
2849 2850
76 2644
92 582
273 468
2688 2689
1227 1845
360 477
1220 1629
1342 2396
1896 2706
1759 2633
138 1853
755 2664
66 3144
1214 2230
292 2854
1974 3313
525 705
198 2001
1751 2319
1468 1867
7 1833
1419 2339
2632 2651
2401 2959
1824 1883
1799 1811
1629 2473
2033 2474
157 1178
294 3046
3193 3197
446 2388
38 2228
106 2643
33 1822
627 2681
582 2066
313 964
659 1720
139 958
1673 3112
150 2487
586 1422
411 1033
55 2324
198 1453
2435 2882
1026 2158
2445 2957
747 1723
705 2577
1493 2712
677 2443
949 2579
887 2404
2477 2559
1517 1580
83 3318
98 2284
397 1522
911 3060
1698 1705
247 1265
616 2596
698 1004
637 2066
1345 1892
1144 1396
421 1135
229 2282
693 2182
622 2596
149 364
2125 2821
373 2490
1441 2603
492 1034
965 3014
771 2646
307 2676
1275 2506
83 3018
361 1918
1229 3098
664 2438
233 2079
2237 2867
2519 2720
2984 2994
468 2299
338 1227
704 2722
660 1481
370 2157
2163 2547
333 777
1967 2066
254 2067
2080 2346
421 1162
2154 3215
2447 2448
1400 1944
1643 3325
794 1041
18 812
1276 1291
242 2032
1758 2527
2366 2790
938 2104
257 720
792 2160
1064 1853
33 3326
919 1425
432 2983
634 2132
1580 2880
717 1902
1266 3273
1731 2230
390 1916
396 2519
968 2829
1224 2348
1094 2899
420 1933
965 1567
353 2434
541 2745
98 1406
2255 2486
993 2774
637 2562
1634 2866
655 3201
865 1335
1214 2053
2014 2172
1575 2919
1102 1939
956 1022
1104 2871
1034 2782
1275 2444
518 1896
2835 2836
2095 2245
2132 2899
336 2581
1636 1876
67 1960
3102 3267
582 653
582 1410
772 1331
2227 3080
240 2942
1666 2110
1239 2210
415 2533
444 1301
2196 2217
2764 2765
111 251
28 135
2028 2721
2469 2470
1577 2552
661 2405
1052 2657
586 2782
362 2339
1422 2053
1647 2626
638 3039
350 2399
427 1560
2541 3152
2925 2967
2473 2672
777 2845
1813 3294
482 833
13 2711
688 1928
431 1268
1625 1666
1149 1404
877 1672
723 2219
373 2416
556 969
489 582
2713 3232
98 2510
1422 1630
1034 1422
86 1857
1571 3119
297 1669
135 1566
1353 2900
1305 3021
1422 1607
1655 2506
35 89
1062 2232
155 922
147 1647
997 1896
176 2750
744 2235
811 1970
2073 2592
129 1240
2042 2303
160 926
1049 2463
273 768
1436 1810
16 2418
1326 2335
118 3133
2739 2741
1456 2694
318 717
1130 1666
1747 2121
429 2028
889 2545
453 1219
1097 1625
247 1217
1039 1170
992 1421
2257 2829
1422 2668
468 1251
876 2848
1422 2784
1422 2398
1698 2466
2206 2868
2008 2818
1399 1666
2631 2899
582 3216
661 2639
1185 2955
73 497
2427 3028
50 2529
450 2299
813 1874
211 1444
3169 3172
642 1000
154 1131
132 3134
1274 1739
237 2564
2348 3041
682 1471
622 1605
889 1430
1808 3249
1080 1348
2668 2846
2646 2911
1890 2222
1847 2731
76 1861
875 1625
134 874
379 2189
624 777
792 2476
269 1782
813 1585
1596 3253
1319 2237
2244 2868
408 637
2494 3128
2041 3224
31 1759
875 1257
985 2443
314 2166
1261 2481
106 2776
1894 2711
1422 2116
901 3037
1634 2861
1879 1956
641 2595
1043 2498
649 2495
1877 2196
438 1896
245 3124
3094 3095
428 773
2507 2883
2434 2654
1724 1958
351 2638
529 1724
450 2507
2772 3272
114 2074
1092 1579
1558 2331
2166 2204
2599 3300
347 2633
635 2922
501 1575
339 2789
2730 2898
1567 2418
1490 2033
691 968
887 1422
83 1842
541 2269
517 2647
145 3121
259 2978
1013 2166
1615 2646
2422 2655
150 677
909 2268
558 1145
1173 1720
1078 2510
1605 1708
1724 2542
2183 2311
465 2153
582 1921
2779 2780
1251 1965
1746 3071
2115 2782
855 983
1861 2530
369 580
1932 3046
549 2782
293 1585
1607 2475
538 1506
589 3096
1033 2112
2209 2554
110 541
69 1178
394 2594
14 1248
994 2224
1617 2927
2670 2673
1943 2775
2350 2351
625 2376
755 2585
1625 2224
603 1471
368 1199
1319 1770
835 2021
1321 3230
12 2487
1222 2434
269 3236
465 2973
1519 3226
253 2579
1804 2458
922 1246
666 3140
1428 1884
563 582
610 2910
1012 2023
1257 2797
2259 2278
2196 3266
1084 2343
8 1033
2050 3304
1704 2332
777 1691
2224 2676
1320 2629
1875 2426
2899 2900
1667 3286
1112 1480
1944 2535
1308 1769
438 2703
1366 2088
1100 1526
2775 2925
695 2792
1324 2816
311 413
1180 1366
766 1037
908 1569
336 3002
2368 2790
83 1225
1160 1432
713 1676
1093 2425
968 2097
2696 2697
927 1135
313 2984
2665 2784
1868 2729
1429 2520
101 1340
667 760
1908 3302
208 404
1137 2544
886 2768
179 1298
165 1994
961 1405
140 1713
1675 2543
247 2088
1176 2226
322 1879
405 582
670 2578
873 3225
2782 2784
520 2380
2032 2299
768 2645
230 2979
1706 2270
314 2597
1895 2383
116 3310
1928 2326
1093 2423
860 2497
582 2447
582 1693
942 2343
434 549
584 1039
557 1922
579 1410
894 1668
1044 1264
1218 1868
670 2844
1311 2607
1759 1918
2773 3272
1864 2509
2226 2435
466 2174
1034 1214
1346 2874
690 2579
1587 2919
1118 1194
468 2196
1484 2063
27 1422
228 3012
912 2416
624 3153
1626 1897
620 2174
1853 2488
807 1422
212 3265
905 1484
2703 2706
1973 2799
1284 1312
2320 2321
1036 2853
765 2124
1943 2823
1208 2060
903 2969
2308 2341
2174 2509
2072 2943
