0  0.1428571492433548
1  0.4285714328289032
2  0.1428571492433548
3  0.2857142984867096
4  0.1428571492433548
5  0.1428571492433548
6  0.1428571492433548
7  0.2857142984867096
8  0.2857142984867096
9  0.1428571492433548
10  0.2857142984867096
11  0.1428571492433548
12  0.4285714328289032
13  0.4285714328289032
14  0.2857142984867096
15  0.1428571492433548
16  1.0
17  0.1428571492433548
18  0.2857142984867096
19  0.2857142984867096
20  0.1428571492433548
21  0.1428571492433548
22  0.2857142984867096
23  0.1428571492433548
24  0.1428571492433548
25  0.2857142984867096
26  0.2857142984867096
27  0.7142857313156128
28  0.4285714328289032
29  0.1428571492433548
30  0.2857142984867096
31  0.5714285969734192
32  0.2857142984867096
33  0.2857142984867096
34  0.1428571492433548
35  0.1428571492433548
36  0.1428571492433548
37  0.1428571492433548
38  0.2857142984867096
39  0.2857142984867096
40  0.1428571492433548
41  0.1428571492433548
42  0.1428571492433548
43  0.5714285969734192
44  0.2857142984867096
45  0.1428571492433548
46  0.1428571492433548
47  0.1428571492433548
48  0.1428571492433548
49  0.4285714328289032
50  0.1428571492433548
51  0.5714285969734192
52  0.1428571492433548
53  0.1428571492433548
54  0.2857142984867096
55  0.2857142984867096
56  0.2857142984867096
57  0.1428571492433548
58  0.2857142984867096
59  0.7142857313156128
60  0.2857142984867096
61  0.2857142984867096
62  0.1428571492433548
63  0.1428571492433548
64  0.1428571492433548
65  0.1428571492433548
66  0.2857142984867096
67  0.1428571492433548
68  0.1428571492433548
69  0.2857142984867096
70  0.4285714328289032
71  0.2857142984867096
72  0.1428571492433548
73  0.2857142984867096
74  0.1428571492433548
75  0.1428571492433548
76  0.2857142984867096
77  0.1428571492433548
78  0.2857142984867096
79  0.2857142984867096
80  0.2857142984867096
81  0.4285714328289032
82  0.1428571492433548
83  0.5714285969734192
84  0.2857142984867096
85  0.1428571492433548
86  0.1428571492433548
87  0.2857142984867096
88  0.1428571492433548
89  0.1428571492433548
90  0.1428571492433548
91  0.1428571492433548
92  0.2857142984867096
93  0.1428571492433548
94  0.2857142984867096
95  0.4285714328289032
96  0.2857142984867096
97  0.4285714328289032
98  0.2857142984867096
99  0.2857142984867096
100  0.2857142984867096
101  0.2857142984867096
102  0.1428571492433548
103  0.1428571492433548
104  0.2857142984867096
105  0.1428571492433548
106  0.4285714328289032
107  0.1428571492433548
108  0.2857142984867096
109  0.1428571492433548
110  0.5714285969734192
111  0.1428571492433548
112  0.1428571492433548
113  0.4285714328289032
114  0.1428571492433548
115  0.2857142984867096
116  0.1428571492433548
117  0.1428571492433548
118  0.2857142984867096
119  0.2857142984867096
120  0.2857142984867096
121  0.1428571492433548
122  0.2857142984867096
123  0.1428571492433548
124  0.1428571492433548
125  0.1428571492433548
126  0.1428571492433548
127  0.1428571492433548
128  0.1428571492433548
129  0.1428571492433548
130  0.2857142984867096
131  0.2857142984867096
132  0.2857142984867096
133  0.1428571492433548
134  0.1428571492433548
135  0.2857142984867096
136  0.5714285969734192
137  0.5714285969734192
138  0.5714285969734192
139  0.2857142984867096
140  0.1428571492433548
141  0.1428571492433548
142  0.4285714328289032
143  0.1428571492433548
144  0.5714285969734192
145  0.1428571492433548
146  0.2857142984867096
147  0.5714285969734192
148  0.2857142984867096
149  0.1428571492433548
150  0.4285714328289032
151  0.5714285969734192
152  0.2857142984867096
153  0.4285714328289032
154  0.5714285969734192
155  0.4285714328289032
156  0.2857142984867096
157  0.2857142984867096
158  0.4285714328289032
159  0.1428571492433548
160  0.2857142984867096
161  0.1428571492433548
162  0.1428571492433548
163  0.1428571492433548
164  0.1428571492433548
165  0.1428571492433548
166  0.1428571492433548
167  0.2857142984867096
168  0.1428571492433548
169  0.2857142984867096
170  0.4285714328289032
171  0.1428571492433548
172  0.4285714328289032
173  0.1428571492433548
174  0.1428571492433548
175  0.1428571492433548
176  0.2857142984867096
177  0.2857142984867096
178  0.2857142984867096
179  0.2857142984867096
180  0.5714285969734192
181  0.2857142984867096
182  0.1428571492433548
183  0.1428571492433548
184  0.1428571492433548
185  0.1428571492433548
186  0.2857142984867096
187  0.1428571492433548
188  0.1428571492433548
189  0.2857142984867096
190  0.2857142984867096
191  0.2857142984867096
192  0.0
193  0.1428571492433548
194  0.4285714328289032
195  0.1428571492433548
196  0.1428571492433548
197  0.2857142984867096
198  0.1428571492433548
199  0.1428571492433548
200  0.2857142984867096
201  0.1428571492433548
202  0.1428571492433548
203  0.4285714328289032
204  0.2857142984867096
205  0.4285714328289032
206  0.1428571492433548
207  0.1428571492433548
208  0.7142857313156128
209  0.1428571492433548
210  0.1428571492433548
211  0.1428571492433548
212  0.4285714328289032
213  0.2857142984867096
214  0.2857142984867096
215  0.1428571492433548
216  0.2857142984867096
217  0.2857142984867096
218  0.5714285969734192
219  0.2857142984867096
220  0.8571428656578064
221  0.1428571492433548
222  0.2857142984867096
223  0.0
224  0.1428571492433548
225  0.4285714328289032
226  0.2857142984867096
227  0.4285714328289032
228  0.4285714328289032
229  0.7142857313156128
230  0.1428571492433548
231  0.1428571492433548
232  0.1428571492433548
233  0.1428571492433548
234  0.2857142984867096
235  0.1428571492433548
236  0.2857142984867096
237  0.5714285969734192
238  0.1428571492433548
239  0.2857142984867096
240  0.1428571492433548
241  0.4285714328289032
242  0.5714285969734192
243  0.2857142984867096
244  0.1428571492433548
245  0.4285714328289032
246  0.2857142984867096
247  0.4285714328289032
248  0.2857142984867096
249  0.1428571492433548
250  0.1428571492433548
251  0.1428571492433548
252  0.1428571492433548
253  0.2857142984867096
254  0.4285714328289032
255  0.1428571492433548
256  0.1428571492433548
257  0.1428571492433548
258  0.1428571492433548
259  0.1428571492433548
260  0.1428571492433548
261  0.1428571492433548
262  0.1428571492433548
263  0.4285714328289032
264  0.1428571492433548
265  0.4285714328289032
266  0.4285714328289032
267  0.2857142984867096
268  0.2857142984867096
269  0.2857142984867096
270  0.1428571492433548
271  0.1428571492433548
272  0.1428571492433548
273  0.4285714328289032
274  0.1428571492433548
275  0.1428571492433548
276  0.0
277  0.1428571492433548
278  0.2857142984867096
279  0.2857142984867096
280  0.1428571492433548
281  0.1428571492433548
282  0.2857142984867096
283  0.2857142984867096
284  0.2857142984867096
285  0.1428571492433548
286  0.2857142984867096
287  0.1428571492433548
288  0.1428571492433548
289  0.2857142984867096
290  0.1428571492433548
291  0.1428571492433548
292  0.2857142984867096
293  0.2857142984867096
294  0.2857142984867096
295  0.1428571492433548
296  0.1428571492433548
297  0.2857142984867096
298  0.2857142984867096
299  0.1428571492433548
300  0.4285714328289032
301  0.1428571492433548
302  0.4285714328289032
303  0.5714285969734192
304  0.4285714328289032
305  0.1428571492433548
306  0.1428571492433548
307  0.7142857313156128
308  0.1428571492433548
309  0.1428571492433548
310  0.2857142984867096
311  0.2857142984867096
312  0.1428571492433548
313  0.1428571492433548
314  1.0
315  0.1428571492433548
316  0.2857142984867096
317  0.1428571492433548
318  0.1428571492433548
319  0.4285714328289032
320  0.1428571492433548
321  0.1428571492433548
322  0.1428571492433548
323  0.1428571492433548
324  0.1428571492433548
325  0.2857142984867096
326  0.1428571492433548
327  0.1428571492433548
328  0.2857142984867096
329  0.2857142984867096
330  0.2857142984867096
331  0.2857142984867096
332  0.2857142984867096
333  0.1428571492433548
334  0.1428571492433548
335  0.2857142984867096
336  0.5714285969734192
337  0.2857142984867096
338  0.2857142984867096
339  0.2857142984867096
340  0.1428571492433548
341  0.1428571492433548
342  0.1428571492433548
343  0.1428571492433548
344  0.1428571492433548
345  0.1428571492433548
346  0.1428571492433548
347  0.4285714328289032
348  0.2857142984867096
349  0.1428571492433548
350  0.1428571492433548
351  0.5714285969734192
352  0.1428571492433548
353  0.2857142984867096
354  0.1428571492433548
355  0.1428571492433548
356  0.1428571492433548
357  0.2857142984867096
358  0.0
359  0.2857142984867096
360  0.1428571492433548
361  0.5714285969734192
362  0.2857142984867096
363  0.1428571492433548
364  0.2857142984867096
365  0.1428571492433548
366  0.1428571492433548
367  0.1428571492433548
368  0.1428571492433548
369  0.1428571492433548
370  0.1428571492433548
371  0.4285714328289032
372  0.1428571492433548
373  1.0
374  0.4285714328289032
375  0.1428571492433548
376  0.1428571492433548
377  0.2857142984867096
378  0.2857142984867096
379  0.2857142984867096
380  0.2857142984867096
381  0.2857142984867096
382  0.1428571492433548
383  0.2857142984867096
384  0.1428571492433548
385  0.1428571492433548
386  0.1428571492433548
387  0.1428571492433548
388  0.1428571492433548
389  0.1428571492433548
390  0.2857142984867096
391  0.1428571492433548
392  0.1428571492433548
393  0.1428571492433548
394  0.4285714328289032
395  0.2857142984867096
396  0.5714285969734192
397  0.2857142984867096
398  0.2857142984867096
399  0.2857142984867096
400  0.1428571492433548
401  0.1428571492433548
402  0.4285714328289032
403  0.1428571492433548
404  0.7142857313156128
405  0.2857142984867096
406  0.1428571492433548
407  0.1428571492433548
408  0.1428571492433548
409  0.2857142984867096
410  0.2857142984867096
411  0.4285714328289032
412  0.2857142984867096
413  0.4285714328289032
414  0.2857142984867096
415  0.1428571492433548
416  0.4285714328289032
417  0.2857142984867096
418  0.1428571492433548
419  0.2857142984867096
420  0.1428571492433548
421  0.2857142984867096
422  0.2857142984867096
423  0.1428571492433548
424  0.1428571492433548
425  0.1428571492433548
426  0.1428571492433548
427  0.4285714328289032
428  0.5714285969734192
429  0.2857142984867096
430  0.2857142984867096
431  0.2857142984867096
432  0.1428571492433548
433  0.1428571492433548
434  0.4285714328289032
435  0.2857142984867096
436  0.1428571492433548
437  0.1428571492433548
438  0.7142857313156128
439  0.2857142984867096
440  0.1428571492433548
441  0.2857142984867096
442  0.1428571492433548
443  0.4285714328289032
444  0.2857142984867096
445  0.2857142984867096
446  0.1428571492433548
447  0.1428571492433548
448  0.1428571492433548
449  0.1428571492433548
450  0.5714285969734192
451  0.2857142984867096
452  0.1428571492433548
453  0.8571428656578064
454  0.1428571492433548
455  0.2857142984867096
456  0.1428571492433548
457  0.1428571492433548
458  0.2857142984867096
459  0.1428571492433548
460  0.2857142984867096
461  0.1428571492433548
462  0.1428571492433548
463  0.1428571492433548
464  0.2857142984867096
465  0.2857142984867096
466  0.2857142984867096
467  0.1428571492433548
468  0.5714285969734192
469  0.1428571492433548
470  0.1428571492433548
471  0.4285714328289032
472  0.5714285969734192
473  0.4285714328289032
474  0.1428571492433548
475  0.1428571492433548
476  0.2857142984867096
477  0.1428571492433548
478  0.1428571492433548
479  0.1428571492433548
480  0.1428571492433548
481  0.1428571492433548
482  0.2857142984867096
483  0.2857142984867096
484  0.2857142984867096
485  0.2857142984867096
486  0.4285714328289032
487  0.2857142984867096
488  0.1428571492433548
489  0.1428571492433548
490  0.1428571492433548
491  0.4285714328289032
492  0.7142857313156128
493  0.4285714328289032
494  0.4285714328289032
495  0.2857142984867096
496  0.1428571492433548
497  0.2857142984867096
498  0.1428571492433548
499  0.1428571492433548
500  0.2857142984867096
501  0.2857142984867096
502  0.1428571492433548
503  0.1428571492433548
504  0.2857142984867096
505  0.1428571492433548
506  0.2857142984867096
507  0.1428571492433548
508  0.2857142984867096
509  0.4285714328289032
510  0.1428571492433548
511  0.1428571492433548
512  0.1428571492433548
513  0.1428571492433548
514  0.1428571492433548
515  0.2857142984867096
516  0.1428571492433548
517  0.2857142984867096
518  0.1428571492433548
519  0.1428571492433548
520  0.2857142984867096
521  0.1428571492433548
522  0.1428571492433548
523  0.2857142984867096
524  0.2857142984867096
525  0.2857142984867096
526  0.2857142984867096
527  0.2857142984867096
528  0.5714285969734192
529  0.2857142984867096
530  0.2857142984867096
531  0.1428571492433548
532  0.2857142984867096
533  0.1428571492433548
534  0.1428571492433548
535  0.2857142984867096
536  0.1428571492433548
537  0.1428571492433548
538  0.2857142984867096
539  0.1428571492433548
540  0.5714285969734192
541  0.5714285969734192
542  0.2857142984867096
543  0.1428571492433548
544  0.2857142984867096
545  0.2857142984867096
546  0.0
547  0.2857142984867096
548  0.2857142984867096
549  0.5714285969734192
550  0.2857142984867096
551  0.2857142984867096
552  0.2857142984867096
553  0.1428571492433548
554  0.1428571492433548
555  0.1428571492433548
556  0.1428571492433548
557  0.2857142984867096
558  0.4285714328289032
559  0.4285714328289032
560  0.1428571492433548
561  0.5714285969734192
562  0.1428571492433548
563  0.1428571492433548
564  0.2857142984867096
565  0.4285714328289032
566  0.2857142984867096
567  0.4285714328289032
568  0.1428571492433548
569  0.2857142984867096
570  0.1428571492433548
571  0.1428571492433548
572  0.1428571492433548
573  0.2857142984867096
574  0.2857142984867096
575  0.1428571492433548
576  0.1428571492433548
577  0.2857142984867096
578  0.1428571492433548
579  0.2857142984867096
580  0.1428571492433548
581  0.1428571492433548
582  0.4285714328289032
583  0.1428571492433548
584  0.4285714328289032
585  0.5714285969734192
586  0.4285714328289032
587  0.2857142984867096
588  0.2857142984867096
589  0.1428571492433548
590  0.4285714328289032
591  0.4285714328289032
592  0.0
593  0.1428571492433548
594  0.1428571492433548
595  0.2857142984867096
596  0.1428571492433548
597  0.1428571492433548
598  0.1428571492433548
599  0.1428571492433548
600  0.2857142984867096
601  0.1428571492433548
602  0.2857142984867096
603  0.4285714328289032
604  0.1428571492433548
605  0.1428571492433548
606  0.1428571492433548
607  0.2857142984867096
608  0.1428571492433548
609  0.1428571492433548
610  0.2857142984867096
611  0.2857142984867096
612  0.1428571492433548
613  0.1428571492433548
614  0.1428571492433548
615  0.2857142984867096
616  1.0
617  0.1428571492433548
618  0.2857142984867096
619  0.1428571492433548
620  0.4285714328289032
621  0.1428571492433548
622  1.0
623  0.2857142984867096
624  0.4285714328289032
625  0.1428571492433548
626  0.1428571492433548
627  0.5714285969734192
628  0.1428571492433548
629  0.2857142984867096
630  0.2857142984867096
631  0.1428571492433548
632  0.2857142984867096
633  0.2857142984867096
634  0.2857142984867096
635  0.1428571492433548
636  0.1428571492433548
637  0.4285714328289032
638  0.2857142984867096
639  0.1428571492433548
640  0.1428571492433548
641  0.2857142984867096
642  0.2857142984867096
643  0.1428571492433548
644  0.1428571492433548
645  0.1428571492433548
646  0.1428571492433548
647  0.1428571492433548
648  0.2857142984867096
649  0.5714285969734192
650  0.1428571492433548
651  0.1428571492433548
652  0.1428571492433548
653  0.2857142984867096
654  0.2857142984867096
655  0.2857142984867096
656  0.1428571492433548
657  0.1428571492433548
658  0.1428571492433548
659  0.1428571492433548
660  0.2857142984867096
661  0.5714285969734192
662  0.1428571492433548
663  0.1428571492433548
664  0.2857142984867096
665  0.1428571492433548
666  0.1428571492433548
667  0.2857142984867096
668  0.1428571492433548
669  0.1428571492433548
670  0.4285714328289032
671  0.1428571492433548
672  0.2857142984867096
673  0.2857142984867096
674  0.1428571492433548
675  0.2857142984867096
676  0.1428571492433548
677  0.4285714328289032
678  0.1428571492433548
679  0.1428571492433548
680  0.4285714328289032
681  0.1428571492433548
682  0.4285714328289032
683  0.1428571492433548
684  0.1428571492433548
685  0.1428571492433548
686  0.2857142984867096
687  0.2857142984867096
688  0.2857142984867096
689  0.2857142984867096
690  0.2857142984867096
691  0.7142857313156128
692  0.1428571492433548
693  0.1428571492433548
694  0.1428571492433548
695  0.2857142984867096
696  0.2857142984867096
697  0.1428571492433548
698  0.2857142984867096
699  0.1428571492433548
700  0.1428571492433548
701  0.1428571492433548
702  0.1428571492433548
703  0.4285714328289032
704  0.1428571492433548
705  0.2857142984867096
706  0.1428571492433548
707  0.1428571492433548
708  0.1428571492433548
709  0.4285714328289032
710  0.1428571492433548
711  0.2857142984867096
712  0.1428571492433548
713  0.4285714328289032
714  0.1428571492433548
715  0.5714285969734192
716  0.2857142984867096
717  0.4285714328289032
718  0.1428571492433548
719  0.4285714328289032
720  0.1428571492433548
721  0.2857142984867096
722  0.2857142984867096
723  0.2857142984867096
724  0.1428571492433548
725  0.2857142984867096
726  0.1428571492433548
727  0.1428571492433548
728  0.1428571492433548
729  0.1428571492433548
730  0.2857142984867096
731  0.1428571492433548
732  0.1428571492433548
733  0.1428571492433548
734  0.2857142984867096
735  0.1428571492433548
736  0.1428571492433548
737  0.2857142984867096
738  0.1428571492433548
739  0.1428571492433548
740  0.2857142984867096
741  0.2857142984867096
742  0.2857142984867096
743  0.1428571492433548
744  0.2857142984867096
745  0.1428571492433548
746  0.2857142984867096
747  0.2857142984867096
748  0.1428571492433548
749  0.2857142984867096
750  0.1428571492433548
751  0.2857142984867096
752  0.1428571492433548
753  0.1428571492433548
754  0.1428571492433548
755  0.7142857313156128
756  0.1428571492433548
757  0.1428571492433548
758  0.1428571492433548
759  0.1428571492433548
760  0.2857142984867096
761  0.1428571492433548
762  0.1428571492433548
763  0.1428571492433548
764  0.1428571492433548
765  0.1428571492433548
766  0.1428571492433548
767  0.2857142984867096
768  0.4285714328289032
769  0.2857142984867096
770  0.4285714328289032
771  0.2857142984867096
772  0.1428571492433548
773  0.5714285969734192
774  0.2857142984867096
775  0.1428571492433548
776  0.2857142984867096
777  0.2857142984867096
778  0.2857142984867096
779  0.1428571492433548
780  0.1428571492433548
781  0.2857142984867096
782  0.1428571492433548
783  0.4285714328289032
784  0.1428571492433548
785  0.1428571492433548
786  0.1428571492433548
787  0.1428571492433548
788  0.1428571492433548
789  0.1428571492433548
790  0.4285714328289032
791  0.1428571492433548
792  0.2857142984867096
793  0.2857142984867096
794  0.2857142984867096
795  0.1428571492433548
796  0.5714285969734192
797  0.1428571492433548
798  0.1428571492433548
799  0.1428571492433548
800  0.1428571492433548
801  0.1428571492433548
802  0.1428571492433548
803  0.1428571492433548
804  0.1428571492433548
805  0.1428571492433548
806  0.1428571492433548
807  0.7142857313156128
808  0.4285714328289032
809  0.1428571492433548
810  0.1428571492433548
811  0.1428571492433548
812  0.2857142984867096
813  0.2857142984867096
814  0.1428571492433548
815  0.1428571492433548
816  0.2857142984867096
817  0.1428571492433548
818  0.1428571492433548
819  0.4285714328289032
820  0.1428571492433548
821  0.1428571492433548
822  0.4285714328289032
823  0.1428571492433548
824  0.1428571492433548
825  0.2857142984867096
826  0.1428571492433548
827  0.2857142984867096
828  0.2857142984867096
829  0.2857142984867096
830  0.1428571492433548
831  0.1428571492433548
832  0.2857142984867096
833  0.1428571492433548
834  0.0
835  0.5714285969734192
836  0.1428571492433548
837  0.1428571492433548
838  0.0
839  0.4285714328289032
840  0.4285714328289032
841  0.1428571492433548
842  0.1428571492433548
843  0.4285714328289032
844  0.1428571492433548
845  0.0
846  0.1428571492433548
847  0.5714285969734192
848  0.0
849  0.1428571492433548
850  0.4285714328289032
851  0.2857142984867096
852  0.1428571492433548
853  0.1428571492433548
854  0.1428571492433548
855  0.1428571492433548
856  0.2857142984867096
857  0.4285714328289032
858  0.1428571492433548
859  0.1428571492433548
860  0.4285714328289032
861  0.1428571492433548
862  0.1428571492433548
863  0.1428571492433548
864  0.4285714328289032
865  0.4285714328289032
866  0.1428571492433548
867  0.1428571492433548
868  0.1428571492433548
869  0.2857142984867096
870  0.1428571492433548
871  0.1428571492433548
872  0.1428571492433548
873  0.1428571492433548
874  0.1428571492433548
875  0.4285714328289032
876  0.5714285969734192
877  0.4285714328289032
878  0.2857142984867096
879  0.1428571492433548
880  0.2857142984867096
881  0.4285714328289032
882  0.2857142984867096
883  0.1428571492433548
884  0.2857142984867096
885  0.1428571492433548
886  0.4285714328289032
887  0.8571428656578064
888  0.1428571492433548
889  0.2857142984867096
890  0.1428571492433548
891  0.1428571492433548
892  0.0
893  0.1428571492433548
894  0.2857142984867096
895  0.7142857313156128
896  0.1428571492433548
897  0.1428571492433548
898  0.1428571492433548
899  0.1428571492433548
900  0.1428571492433548
901  0.2857142984867096
902  0.4285714328289032
903  0.1428571492433548
904  0.4285714328289032
905  0.1428571492433548
906  0.1428571492433548
907  0.1428571492433548
908  0.2857142984867096
909  0.1428571492433548
910  0.0
911  0.1428571492433548
912  1.0
913  0.0
914  0.1428571492433548
915  0.2857142984867096
916  0.2857142984867096
917  0.2857142984867096
918  0.2857142984867096
919  0.1428571492433548
920  0.2857142984867096
921  0.2857142984867096
922  0.2857142984867096
923  0.4285714328289032
924  0.4285714328289032
925  0.1428571492433548
926  0.2857142984867096
927  0.2857142984867096
928  0.4285714328289032
929  0.2857142984867096
930  0.5714285969734192
931  0.7142857313156128
932  0.1428571492433548
933  0.1428571492433548
934  0.2857142984867096
935  0.1428571492433548
936  0.2857142984867096
937  0.2857142984867096
938  0.2857142984867096
939  0.1428571492433548
940  0.2857142984867096
941  0.7142857313156128
942  0.2857142984867096
943  0.2857142984867096
944  0.1428571492433548
945  0.1428571492433548
946  0.2857142984867096
947  0.1428571492433548
948  0.1428571492433548
949  0.1428571492433548
950  0.1428571492433548
951  0.1428571492433548
952  0.1428571492433548
953  0.2857142984867096
954  0.1428571492433548
955  0.1428571492433548
956  0.2857142984867096
957  0.1428571492433548
958  0.2857142984867096
959  0.2857142984867096
960  0.2857142984867096
961  0.1428571492433548
962  0.7142857313156128
963  0.1428571492433548
964  0.1428571492433548
965  0.7142857313156128
966  0.2857142984867096
967  0.1428571492433548
968  0.8571428656578064
969  0.1428571492433548
970  0.1428571492433548
971  0.1428571492433548
972  0.1428571492433548
973  0.1428571492433548
974  0.2857142984867096
975  0.1428571492433548
976  0.1428571492433548
977  0.1428571492433548
978  0.1428571492433548
979  0.1428571492433548
980  0.1428571492433548
981  0.1428571492433548
982  0.4285714328289032
983  0.1428571492433548
984  0.1428571492433548
985  0.4285714328289032
986  0.1428571492433548
987  0.1428571492433548
988  0.1428571492433548
989  0.2857142984867096
990  0.1428571492433548
991  0.2857142984867096
992  0.1428571492433548
993  0.5714285969734192
994  0.2857142984867096
995  0.1428571492433548
996  0.1428571492433548
997  0.4285714328289032
998  0.2857142984867096
999  0.2857142984867096
1000  0.4285714328289032
1001  0.2857142984867096
1002  0.4285714328289032
1003  0.1428571492433548
1004  0.4285714328289032
1005  0.1428571492433548
1006  0.2857142984867096
1007  0.1428571492433548
1008  0.1428571492433548
1009  0.5714285969734192
1010  0.1428571492433548
1011  0.2857142984867096
1012  0.7142857313156128
1013  1.0
1014  0.0
1015  0.4285714328289032
1016  0.2857142984867096
1017  0.1428571492433548
1018  0.4285714328289032
1019  0.2857142984867096
1020  0.2857142984867096
1021  0.2857142984867096
1022  0.2857142984867096
1023  0.2857142984867096
1024  0.1428571492433548
1025  0.2857142984867096
1026  0.2857142984867096
1027  0.2857142984867096
1028  0.2857142984867096
1029  0.1428571492433548
1030  0.4285714328289032
1031  0.2857142984867096
1032  0.4285714328289032
1033  0.2857142984867096
1034  0.8571428656578064
1035  0.4285714328289032
1036  0.2857142984867096
1037  0.1428571492433548
1038  0.1428571492433548
1039  0.4285714328289032
1040  0.1428571492433548
1041  0.2857142984867096
1042  0.1428571492433548
1043  0.4285714328289032
1044  0.4285714328289032
1045  0.4285714328289032
1046  0.2857142984867096
1047  0.1428571492433548
1048  0.1428571492433548
1049  0.2857142984867096
1050  0.1428571492433548
1051  0.1428571492433548
1052  0.2857142984867096
1053  0.1428571492433548
1054  0.4285714328289032
1055  0.1428571492433548
1056  0.1428571492433548
1057  0.1428571492433548
1058  0.1428571492433548
1059  0.1428571492433548
1060  0.1428571492433548
1061  0.0
1062  0.2857142984867096
1063  0.2857142984867096
1064  0.4285714328289032
1065  0.1428571492433548
1066  0.4285714328289032
1067  0.1428571492433548
1068  0.1428571492433548
1069  0.1428571492433548
1070  0.2857142984867096
1071  0.4285714328289032
1072  0.1428571492433548
1073  0.1428571492433548
1074  0.1428571492433548
1075  0.1428571492433548
1076  0.2857142984867096
1077  0.1428571492433548
1078  0.2857142984867096
1079  0.2857142984867096
1080  0.2857142984867096
1081  0.1428571492433548
1082  0.2857142984867096
1083  0.2857142984867096
1084  0.2857142984867096
1085  0.2857142984867096
1086  0.1428571492433548
1087  0.2857142984867096
1088  0.2857142984867096
1089  0.1428571492433548
1090  0.1428571492433548
1091  0.4285714328289032
1092  0.2857142984867096
1093  0.4285714328289032
1094  0.4285714328289032
1095  0.1428571492433548
1096  0.4285714328289032
1097  0.5714285969734192
1098  0.1428571492433548
1099  0.2857142984867096
1100  0.1428571492433548
1101  0.1428571492433548
1102  0.1428571492433548
1103  0.2857142984867096
1104  0.1428571492433548
1105  0.2857142984867096
1106  0.1428571492433548
1107  0.1428571492433548
1108  0.1428571492433548
1109  0.2857142984867096
1110  0.1428571492433548
1111  0.2857142984867096
1112  0.5714285969734192
1113  0.1428571492433548
1114  0.1428571492433548
1115  0.2857142984867096
1116  0.2857142984867096
1117  1.0
1118  0.1428571492433548
1119  0.2857142984867096
1120  0.1428571492433548
1121  0.1428571492433548
1122  0.2857142984867096
1123  0.2857142984867096
1124  0.1428571492433548
1125  0.2857142984867096
1126  0.1428571492433548
1127  0.1428571492433548
1128  0.2857142984867096
1129  0.2857142984867096
1130  0.5714285969734192
1131  0.5714285969734192
1132  0.1428571492433548
1133  0.1428571492433548
1134  0.1428571492433548
1135  0.2857142984867096
1136  0.1428571492433548
1137  0.1428571492433548
1138  0.1428571492433548
1139  0.1428571492433548
1140  0.1428571492433548
1141  0.1428571492433548
1142  0.1428571492433548
1143  0.2857142984867096
1144  0.2857142984867096
1145  0.4285714328289032
1146  0.1428571492433548
1147  0.1428571492433548
1148  0.0
1149  0.1428571492433548
1150  0.1428571492433548
1151  0.1428571492433548
1152  0.4285714328289032
1153  0.1428571492433548
1154  0.1428571492433548
1155  0.4285714328289032
1156  0.2857142984867096
1157  0.7142857313156128
1158  0.1428571492433548
1159  0.1428571492433548
1160  0.1428571492433548
1161  0.1428571492433548
1162  0.2857142984867096
1163  0.2857142984867096
1164  0.1428571492433548
1165  0.2857142984867096
1166  0.0
1167  0.4285714328289032
1168  0.1428571492433548
1169  0.1428571492433548
1170  0.4285714328289032
1171  0.1428571492433548
1172  0.2857142984867096
1173  0.1428571492433548
1174  0.1428571492433548
1175  0.1428571492433548
1176  0.4285714328289032
1177  0.1428571492433548
1178  0.2857142984867096
1179  0.2857142984867096
1180  0.5714285969734192
1181  0.1428571492433548
1182  0.1428571492433548
1183  0.4285714328289032
1184  0.1428571492433548
1185  0.1428571492433548
1186  0.2857142984867096
1187  0.1428571492433548
1188  0.1428571492433548
1189  0.2857142984867096
1190  0.4285714328289032
1191  0.1428571492433548
1192  0.2857142984867096
1193  0.1428571492433548
1194  0.1428571492433548
1195  0.1428571492433548
1196  0.1428571492433548
1197  0.1428571492433548
1198  0.1428571492433548
1199  0.1428571492433548
1200  0.4285714328289032
1201  0.4285714328289032
1202  0.4285714328289032
1203  0.2857142984867096
1204  0.1428571492433548
1205  0.2857142984867096
1206  0.1428571492433548
1207  0.1428571492433548
1208  0.2857142984867096
1209  0.1428571492433548
1210  0.2857142984867096
1211  0.2857142984867096
1212  0.2857142984867096
1213  0.1428571492433548
1214  0.8571428656578064
1215  0.1428571492433548
1216  0.1428571492433548
1217  0.1428571492433548
1218  0.2857142984867096
1219  0.7142857313156128
1220  0.4285714328289032
1221  0.1428571492433548
1222  0.2857142984867096
1223  0.1428571492433548
1224  0.1428571492433548
1225  0.4285714328289032
1226  0.1428571492433548
1227  0.2857142984867096
1228  0.1428571492433548
1229  0.1428571492433548
1230  0.7142857313156128
1231  0.1428571492433548
1232  0.2857142984867096
1233  0.1428571492433548
1234  0.1428571492433548
1235  0.2857142984867096
1236  0.1428571492433548
1237  0.2857142984867096
1238  0.5714285969734192
1239  0.2857142984867096
1240  0.1428571492433548
1241  0.2857142984867096
1242  0.1428571492433548
1243  0.1428571492433548
1244  0.1428571492433548
1245  0.1428571492433548
1246  0.2857142984867096
1247  0.2857142984867096
1248  0.2857142984867096
1249  0.1428571492433548
1250  0.1428571492433548
1251  0.5714285969734192
1252  0.2857142984867096
1253  0.2857142984867096
1254  0.1428571492433548
1255  0.2857142984867096
1256  0.2857142984867096
1257  0.2857142984867096
1258  0.1428571492433548
1259  0.2857142984867096
1260  0.2857142984867096
1261  0.2857142984867096
1262  0.2857142984867096
1263  0.1428571492433548
1264  0.4285714328289032
1265  0.2857142984867096
1266  0.1428571492433548
1267  0.1428571492433548
1268  0.2857142984867096
1269  0.0
1270  0.0
1271  0.4285714328289032
1272  0.1428571492433548
1273  0.1428571492433548
1274  0.1428571492433548
1275  0.5714285969734192
1276  0.1428571492433548
1277  0.1428571492433548
1278  0.1428571492433548
1279  0.2857142984867096
1280  0.1428571492433548
1281  0.5714285969734192
1282  0.2857142984867096
1283  0.1428571492433548
1284  0.1428571492433548
1285  0.1428571492433548
1286  0.4285714328289032
1287  0.1428571492433548
1288  0.1428571492433548
1289  0.1428571492433548
1290  0.7142857313156128
1291  0.1428571492433548
1292  0.1428571492433548
1293  0.2857142984867096
1294  0.1428571492433548
1295  0.1428571492433548
1296  0.1428571492433548
1297  0.1428571492433548
1298  0.2857142984867096
1299  0.1428571492433548
1300  0.1428571492433548
1301  0.4285714328289032
1302  0.4285714328289032
1303  0.1428571492433548
1304  0.1428571492433548
1305  0.1428571492433548
1306  0.2857142984867096
1307  0.2857142984867096
1308  0.2857142984867096
1309  0.1428571492433548
1310  0.2857142984867096
1311  0.2857142984867096
1312  0.1428571492433548
1313  0.2857142984867096
1314  0.1428571492433548
1315  0.1428571492433548
1316  0.1428571492433548
1317  0.1428571492433548
1318  0.1428571492433548
1319  0.2857142984867096
1320  0.1428571492433548
1321  0.2857142984867096
1322  0.2857142984867096
1323  0.0
1324  0.2857142984867096
1325  0.1428571492433548
1326  0.4285714328289032
1327  0.1428571492433548
1328  0.1428571492433548
1329  0.1428571492433548
1330  0.4285714328289032
1331  0.1428571492433548
1332  0.1428571492433548
1333  0.4285714328289032
1334  0.2857142984867096
1335  0.4285714328289032
1336  0.1428571492433548
1337  0.1428571492433548
1338  0.1428571492433548
1339  0.1428571492433548
1340  0.2857142984867096
1341  0.2857142984867096
1342  0.1428571492433548
1343  0.7142857313156128
1344  0.1428571492433548
1345  0.1428571492433548
1346  0.4285714328289032
1347  0.1428571492433548
1348  0.2857142984867096
1349  0.1428571492433548
1350  0.2857142984867096
1351  0.2857142984867096
1352  0.2857142984867096
1353  0.1428571492433548
1354  0.1428571492433548
1355  0.2857142984867096
1356  0.1428571492433548
1357  0.4285714328289032
1358  0.1428571492433548
1359  0.1428571492433548
1360  0.0
1361  0.1428571492433548
1362  0.4285714328289032
1363  0.2857142984867096
1364  0.1428571492433548
1365  0.2857142984867096
1366  0.5714285969734192
1367  0.1428571492433548
1368  0.1428571492433548
1369  0.4285714328289032
1370  0.1428571492433548
1371  0.1428571492433548
1372  0.1428571492433548
1373  0.1428571492433548
1374  0.1428571492433548
1375  0.0
1376  0.1428571492433548
1377  0.1428571492433548
1378  0.1428571492433548
1379  0.4285714328289032
1380  0.2857142984867096
1381  0.1428571492433548
1382  0.1428571492433548
1383  0.2857142984867096
1384  0.2857142984867096
1385  0.1428571492433548
1386  0.1428571492433548
1387  0.1428571492433548
1388  0.1428571492433548
1389  0.1428571492433548
1390  0.1428571492433548
1391  0.1428571492433548
1392  0.2857142984867096
1393  0.1428571492433548
1394  0.1428571492433548
1395  0.4285714328289032
1396  0.2857142984867096
1397  0.1428571492433548
1398  0.5714285969734192
1399  0.5714285969734192
1400  0.1428571492433548
1401  0.2857142984867096
1402  0.1428571492433548
1403  0.1428571492433548
1404  0.1428571492433548
1405  0.1428571492433548
1406  0.1428571492433548
1407  0.1428571492433548
1408  0.1428571492433548
1409  0.1428571492433548
1410  0.4285714328289032
1411  0.4285714328289032
1412  0.2857142984867096
1413  0.1428571492433548
1414  0.4285714328289032
1415  0.2857142984867096
1416  0.2857142984867096
1417  0.4285714328289032
1418  0.1428571492433548
1419  0.2857142984867096
1420  0.1428571492433548
1421  0.1428571492433548
1422  0.8571428656578064
1423  0.2857142984867096
1424  0.1428571492433548
1425  0.1428571492433548
1426  0.2857142984867096
1427  0.2857142984867096
1428  0.1428571492433548
1429  0.5714285969734192
1430  0.2857142984867096
1431  0.2857142984867096
1432  0.1428571492433548
1433  0.1428571492433548
1434  0.2857142984867096
1435  0.4285714328289032
1436  0.2857142984867096
1437  0.2857142984867096
1438  0.1428571492433548
1439  0.5714285969734192
1440  0.2857142984867096
1441  0.2857142984867096
1442  0.1428571492433548
1443  0.2857142984867096
1444  0.1428571492433548
1445  0.2857142984867096
1446  0.2857142984867096
1447  0.2857142984867096
1448  0.2857142984867096
1449  0.2857142984867096
1450  0.1428571492433548
1451  0.2857142984867096
1452  0.1428571492433548
1453  0.2857142984867096
1454  0.1428571492433548
1455  0.2857142984867096
1456  0.1428571492433548
1457  0.2857142984867096
1458  0.1428571492433548
1459  0.1428571492433548
1460  0.2857142984867096
1461  0.4285714328289032
1462  0.2857142984867096
1463  0.1428571492433548
1464  0.2857142984867096
1465  0.1428571492433548
1466  0.1428571492433548
1467  0.1428571492433548
1468  0.2857142984867096
1469  0.2857142984867096
1470  0.2857142984867096
1471  0.4285714328289032
1472  0.4285714328289032
1473  0.2857142984867096
1474  0.2857142984867096
1475  0.1428571492433548
1476  0.1428571492433548
1477  0.2857142984867096
1478  0.1428571492433548
1479  0.0
1480  0.5714285969734192
1481  0.1428571492433548
1482  0.1428571492433548
1483  0.2857142984867096
1484  0.4285714328289032
1485  0.2857142984867096
1486  0.1428571492433548
1487  0.1428571492433548
1488  0.1428571492433548
1489  0.1428571492433548
1490  0.1428571492433548
1491  0.2857142984867096
1492  0.2857142984867096
1493  0.4285714328289032
1494  0.1428571492433548
1495  0.1428571492433548
1496  0.1428571492433548
1497  0.1428571492433548
1498  0.1428571492433548
1499  0.1428571492433548
1500  0.0
1501  0.1428571492433548
1502  0.1428571492433548
1503  0.1428571492433548
1504  0.2857142984867096
1505  0.2857142984867096
1506  0.2857142984867096
1507  0.1428571492433548
1508  0.1428571492433548
1509  0.1428571492433548
1510  0.2857142984867096
1511  0.1428571492433548
1512  0.1428571492433548
1513  0.1428571492433548
1514  0.1428571492433548
1515  0.2857142984867096
1516  0.1428571492433548
1517  0.5714285969734192
1518  0.2857142984867096
1519  0.1428571492433548
1520  0.0
1521  0.1428571492433548
1522  0.4285714328289032
1523  0.2857142984867096
1524  0.1428571492433548
1525  0.1428571492433548
1526  0.1428571492433548
1527  0.2857142984867096
1528  0.1428571492433548
1529  0.2857142984867096
1530  0.2857142984867096
1531  0.4285714328289032
1532  0.2857142984867096
1533  0.2857142984867096
1534  0.5714285969734192
1535  0.1428571492433548
1536  0.4285714328289032
1537  0.1428571492433548
1538  0.1428571492433548
1539  0.1428571492433548
1540  0.1428571492433548
1541  0.1428571492433548
1542  0.2857142984867096
1543  0.4285714328289032
1544  0.1428571492433548
1545  0.4285714328289032
1546  0.1428571492433548
1547  0.1428571492433548
1548  0.2857142984867096
1549  0.0
1550  0.1428571492433548
1551  0.5714285969734192
1552  0.0
1553  0.1428571492433548
1554  0.2857142984867096
1555  0.2857142984867096
1556  0.1428571492433548
1557  0.4285714328289032
1558  0.1428571492433548
1559  0.1428571492433548
1560  0.4285714328289032
1561  0.4285714328289032
1562  0.2857142984867096
1563  0.1428571492433548
1564  0.1428571492433548
1565  0.1428571492433548
1566  0.1428571492433548
1567  1.0
1568  0.2857142984867096
1569  0.2857142984867096
1570  0.4285714328289032
1571  0.2857142984867096
1572  0.1428571492433548
1573  0.1428571492433548
1574  0.2857142984867096
1575  0.2857142984867096
1576  0.1428571492433548
1577  0.2857142984867096
1578  0.1428571492433548
1579  0.1428571492433548
1580  0.5714285969734192
1581  0.1428571492433548
1582  0.4285714328289032
1583  0.2857142984867096
1584  0.2857142984867096
1585  0.2857142984867096
1586  0.1428571492433548
1587  0.5714285969734192
1588  0.1428571492433548
1589  0.2857142984867096
1590  0.2857142984867096
1591  0.4285714328289032
1592  0.1428571492433548
1593  0.1428571492433548
1594  0.1428571492433548
1595  0.1428571492433548
1596  0.4285714328289032
1597  0.1428571492433548
1598  0.1428571492433548
1599  0.2857142984867096
1600  0.5714285969734192
1601  0.1428571492433548
1602  0.0
1603  0.2857142984867096
1604  0.1428571492433548
1605  1.0
1606  0.1428571492433548
1607  0.5714285969734192
1608  0.1428571492433548
1609  0.2857142984867096
1610  0.1428571492433548
1611  0.1428571492433548
1612  0.1428571492433548
1613  0.2857142984867096
1614  0.1428571492433548
1615  0.1428571492433548
1616  0.2857142984867096
1617  0.4285714328289032
1618  0.1428571492433548
1619  0.2857142984867096
1620  0.4285714328289032
1621  0.2857142984867096
1622  0.2857142984867096
1623  0.2857142984867096
1624  0.2857142984867096
1625  0.5714285969734192
1626  0.1428571492433548
1627  0.2857142984867096
1628  0.1428571492433548
1629  0.2857142984867096
1630  0.2857142984867096
1631  0.1428571492433548
1632  0.0
1633  0.1428571492433548
1634  0.2857142984867096
1635  0.1428571492433548
1636  0.1428571492433548
1637  0.1428571492433548
1638  0.1428571492433548
1639  0.1428571492433548
1640  0.2857142984867096
1641  0.1428571492433548
1642  0.1428571492433548
1643  0.1428571492433548
1644  0.7142857313156128
1645  0.1428571492433548
1646  0.1428571492433548
1647  0.5714285969734192
1648  0.1428571492433548
1649  0.1428571492433548
1650  0.2857142984867096
1651  0.2857142984867096
1652  0.1428571492433548
1653  0.1428571492433548
1654  0.1428571492433548
1655  0.4285714328289032
1656  0.1428571492433548
1657  0.1428571492433548
1658  0.1428571492433548
1659  0.1428571492433548
1660  0.2857142984867096
1661  0.1428571492433548
1662  0.2857142984867096
1663  0.2857142984867096
1664  0.1428571492433548
1665  0.4285714328289032
1666  0.5714285969734192
1667  0.2857142984867096
1668  0.2857142984867096
1669  0.2857142984867096
1670  0.2857142984867096
1671  0.2857142984867096
1672  0.4285714328289032
1673  0.1428571492433548
1674  0.1428571492433548
1675  0.2857142984867096
1676  0.4285714328289032
1677  0.2857142984867096
1678  0.4285714328289032
1679  0.1428571492433548
1680  0.1428571492433548
1681  0.1428571492433548
1682  0.1428571492433548
1683  0.4285714328289032
1684  0.2857142984867096
1685  0.1428571492433548
1686  0.1428571492433548
1687  0.2857142984867096
1688  0.1428571492433548
1689  0.1428571492433548
1690  0.1428571492433548
1691  0.1428571492433548
1692  0.1428571492433548
1693  0.1428571492433548
1694  0.2857142984867096
1695  0.2857142984867096
1696  0.2857142984867096
1697  0.1428571492433548
1698  0.2857142984867096
1699  0.4285714328289032
1700  0.1428571492433548
1701  0.1428571492433548
1702  0.2857142984867096
1703  0.1428571492433548
1704  0.5714285969734192
1705  0.4285714328289032
1706  0.1428571492433548
1707  0.2857142984867096
1708  1.0
1709  0.2857142984867096
1710  0.2857142984867096
1711  0.2857142984867096
1712  0.1428571492433548
1713  0.1428571492433548
1714  0.1428571492433548
1715  0.1428571492433548
1716  0.1428571492433548
1717  0.2857142984867096
1718  0.7142857313156128
1719  0.1428571492433548
1720  0.1428571492433548
1721  0.4285714328289032
1722  0.1428571492433548
1723  0.1428571492433548
1724  0.4285714328289032
1725  0.5714285969734192
1726  0.4285714328289032
1727  0.1428571492433548
1728  0.1428571492433548
1729  0.1428571492433548
1730  0.1428571492433548
1731  0.5714285969734192
1732  0.1428571492433548
1733  0.1428571492433548
1734  0.2857142984867096
1735  0.1428571492433548
1736  0.5714285969734192
1737  0.1428571492433548
1738  0.2857142984867096
1739  0.1428571492433548
1740  0.2857142984867096
1741  0.1428571492433548
1742  0.1428571492433548
1743  0.1428571492433548
1744  0.1428571492433548
1745  0.1428571492433548
1746  0.4285714328289032
1747  0.2857142984867096
1748  0.1428571492433548
1749  0.1428571492433548
1750  0.1428571492433548
1751  0.2857142984867096
1752  0.1428571492433548
1753  0.1428571492433548
1754  0.1428571492433548
1755  0.2857142984867096
1756  0.1428571492433548
1757  0.2857142984867096
1758  0.4285714328289032
1759  0.5714285969734192
1760  0.2857142984867096
1761  0.2857142984867096
1762  0.1428571492433548
1763  0.1428571492433548
1764  0.1428571492433548
1765  0.0
1766  0.1428571492433548
1767  0.2857142984867096
1768  0.4285714328289032
1769  0.2857142984867096
1770  0.2857142984867096
1771  0.2857142984867096
1772  0.4285714328289032
1773  0.1428571492433548
1774  0.2857142984867096
1775  0.1428571492433548
1776  0.1428571492433548
1777  0.1428571492433548
1778  0.2857142984867096
1779  0.2857142984867096
1780  0.1428571492433548
1781  0.1428571492433548
1782  0.2857142984867096
1783  0.1428571492433548
1784  0.1428571492433548
1785  0.1428571492433548
1786  0.1428571492433548
1787  0.1428571492433548
1788  0.1428571492433548
1789  0.1428571492433548
1790  0.1428571492433548
1791  0.2857142984867096
1792  0.1428571492433548
1793  0.1428571492433548
1794  0.1428571492433548
1795  0.2857142984867096
1796  0.1428571492433548
1797  0.1428571492433548
1798  0.1428571492433548
1799  0.1428571492433548
1800  0.1428571492433548
1801  0.1428571492433548
1802  0.4285714328289032
1803  0.1428571492433548
1804  0.1428571492433548
1805  0.1428571492433548
1806  0.1428571492433548
1807  0.1428571492433548
1808  0.4285714328289032
1809  0.4285714328289032
1810  0.2857142984867096
1811  0.1428571492433548
1812  0.2857142984867096
1813  0.2857142984867096
1814  0.1428571492433548
1815  0.1428571492433548
1816  0.1428571492433548
1817  0.2857142984867096
1818  0.2857142984867096
1819  0.1428571492433548
1820  0.1428571492433548
1821  0.4285714328289032
1822  0.4285714328289032
1823  0.2857142984867096
1824  0.1428571492433548
1825  0.2857142984867096
1826  0.1428571492433548
1827  0.1428571492433548
1828  0.4285714328289032
1829  0.2857142984867096
1830  0.1428571492433548
1831  0.2857142984867096
1832  0.2857142984867096
1833  0.2857142984867096
1834  0.1428571492433548
1835  0.2857142984867096
1836  0.4285714328289032
1837  0.1428571492433548
1838  0.1428571492433548
1839  0.1428571492433548
1840  0.2857142984867096
1841  0.1428571492433548
1842  0.2857142984867096
1843  0.2857142984867096
1844  0.1428571492433548
1845  0.2857142984867096
1846  0.1428571492433548
1847  0.2857142984867096
1848  0.1428571492433548
1849  0.1428571492433548
1850  0.1428571492433548
1851  0.1428571492433548
1852  0.1428571492433548
1853  0.5714285969734192
1854  0.1428571492433548
1855  0.2857142984867096
1856  0.1428571492433548
1857  0.1428571492433548
1858  0.2857142984867096
1859  0.1428571492433548
1860  0.2857142984867096
1861  0.2857142984867096
1862  0.1428571492433548
1863  0.2857142984867096
1864  0.2857142984867096
1865  0.2857142984867096
1866  0.2857142984867096
1867  0.2857142984867096
1868  0.2857142984867096
1869  0.1428571492433548
1870  0.1428571492433548
1871  0.2857142984867096
1872  0.1428571492433548
1873  0.1428571492433548
1874  0.2857142984867096
1875  0.5714285969734192
1876  0.1428571492433548
1877  0.2857142984867096
1878  0.2857142984867096
1879  0.4285714328289032
1880  0.1428571492433548
1881  0.0
1882  0.1428571492433548
1883  0.1428571492433548
1884  0.1428571492433548
1885  0.1428571492433548
1886  0.0
1887  0.2857142984867096
1888  0.1428571492433548
1889  0.2857142984867096
1890  0.2857142984867096
1891  0.2857142984867096
1892  0.1428571492433548
1893  0.1428571492433548
1894  0.4285714328289032
1895  0.1428571492433548
1896  0.7142857313156128
1897  0.1428571492433548
1898  0.1428571492433548
1899  0.1428571492433548
1900  0.1428571492433548
1901  0.2857142984867096
1902  0.4285714328289032
1903  0.2857142984867096
1904  0.2857142984867096
1905  0.1428571492433548
1906  0.1428571492433548
1907  0.2857142984867096
1908  0.2857142984867096
1909  0.1428571492433548
1910  0.1428571492433548
1911  0.1428571492433548
1912  0.2857142984867096
1913  0.1428571492433548
1914  0.1428571492433548
1915  0.2857142984867096
1916  0.2857142984867096
1917  0.2857142984867096
1918  0.5714285969734192
1919  0.1428571492433548
1920  0.1428571492433548
1921  0.4285714328289032
1922  0.1428571492433548
1923  0.2857142984867096
1924  0.1428571492433548
1925  0.2857142984867096
1926  0.1428571492433548
1927  0.2857142984867096
1928  0.2857142984867096
1929  0.1428571492433548
1930  0.1428571492433548
1931  0.1428571492433548
1932  0.4285714328289032
1933  0.2857142984867096
1934  0.1428571492433548
1935  0.1428571492433548
1936  0.1428571492433548
1937  0.1428571492433548
1938  0.2857142984867096
1939  0.1428571492433548
1940  0.5714285969734192
1941  0.1428571492433548
1942  0.1428571492433548
1943  1.0
1944  0.2857142984867096
1945  0.1428571492433548
1946  0.1428571492433548
1947  0.1428571492433548
1948  0.2857142984867096
1949  0.2857142984867096
1950  0.1428571492433548
1951  0.1428571492433548
1952  0.1428571492433548
1953  0.2857142984867096
1954  0.1428571492433548
1955  0.1428571492433548
1956  0.4285714328289032
1957  0.1428571492433548
1958  0.2857142984867096
1959  0.1428571492433548
1960  0.1428571492433548
1961  0.2857142984867096
1962  0.1428571492433548
1963  0.1428571492433548
1964  0.2857142984867096
1965  0.5714285969734192
1966  0.1428571492433548
1967  0.4285714328289032
1968  0.1428571492433548
1969  0.1428571492433548
1970  0.2857142984867096
1971  0.4285714328289032
1972  0.1428571492433548
1973  0.2857142984867096
1974  0.1428571492433548
1975  0.1428571492433548
1976  0.1428571492433548
1977  0.1428571492433548
1978  0.1428571492433548
1979  0.1428571492433548
1980  0.1428571492433548
1981  0.4285714328289032
1982  0.1428571492433548
1983  0.2857142984867096
1984  0.1428571492433548
1985  0.1428571492433548
1986  0.4285714328289032
1987  0.2857142984867096
1988  0.1428571492433548
1989  0.5714285969734192
1990  0.4285714328289032
1991  0.2857142984867096
1992  0.2857142984867096
1993  0.1428571492433548
1994  0.1428571492433548
1995  0.2857142984867096
1996  0.2857142984867096
1997  0.2857142984867096
1998  0.1428571492433548
1999  0.4285714328289032
2000  0.1428571492433548
2001  0.1428571492433548
2002  0.1428571492433548
2003  0.1428571492433548
2004  0.1428571492433548
2005  0.2857142984867096
2006  0.1428571492433548
2007  0.1428571492433548
2008  0.1428571492433548
2009  0.2857142984867096
2010  0.2857142984867096
2011  0.2857142984867096
2012  0.1428571492433548
2013  0.2857142984867096
2014  0.1428571492433548
2015  0.2857142984867096
2016  0.1428571492433548
2017  0.1428571492433548
2018  0.1428571492433548
2019  0.1428571492433548
2020  0.2857142984867096
2021  0.7142857313156128
2022  0.2857142984867096
2023  0.7142857313156128
2024  0.1428571492433548
2025  0.4285714328289032
2026  0.1428571492433548
2027  0.1428571492433548
2028  0.2857142984867096
2029  0.1428571492433548
2030  0.1428571492433548
2031  0.2857142984867096
2032  0.4285714328289032
2033  0.1428571492433548
2034  0.1428571492433548
2035  0.1428571492433548
2036  0.1428571492433548
2037  0.2857142984867096
2038  0.1428571492433548
2039  0.1428571492433548
2040  0.1428571492433548
2041  0.2857142984867096
2042  0.1428571492433548
2043  0.1428571492433548
2044  0.1428571492433548
2045  0.1428571492433548
2046  0.1428571492433548
2047  0.2857142984867096
2048  0.2857142984867096
2049  0.1428571492433548
2050  0.2857142984867096
2051  0.1428571492433548
2052  0.4285714328289032
2053  0.4285714328289032
2054  0.2857142984867096
2055  0.2857142984867096
2056  0.1428571492433548
2057  0.2857142984867096
2058  0.2857142984867096
2059  0.2857142984867096
2060  0.2857142984867096
2061  0.1428571492433548
2062  0.2857142984867096
2063  0.4285714328289032
2064  0.2857142984867096
2065  0.2857142984867096
2066  0.4285714328289032
2067  0.4285714328289032
2068  0.1428571492433548
2069  0.1428571492433548
2070  0.1428571492433548
2071  0.1428571492433548
2072  0.1428571492433548
2073  0.2857142984867096
2074  0.1428571492433548
2075  0.1428571492433548
2076  0.2857142984867096
2077  0.1428571492433548
2078  0.1428571492433548
2079  0.1428571492433548
2080  0.2857142984867096
2081  0.2857142984867096
2082  0.1428571492433548
2083  0.1428571492433548
2084  0.1428571492433548
2085  0.1428571492433548
2086  0.1428571492433548
2087  0.1428571492433548
2088  0.2857142984867096
2089  0.4285714328289032
2090  0.1428571492433548
2091  0.1428571492433548
2092  0.2857142984867096
2093  0.1428571492433548
2094  0.2857142984867096
2095  0.2857142984867096
2096  0.1428571492433548
2097  0.7142857313156128
2098  0.1428571492433548
2099  0.1428571492433548
2100  0.1428571492433548
2101  0.1428571492433548
2102  0.1428571492433548
2103  0.1428571492433548
2104  0.2857142984867096
2105  0.2857142984867096
2106  0.1428571492433548
2107  0.2857142984867096
2108  0.2857142984867096
2109  0.1428571492433548
2110  0.5714285969734192
2111  0.1428571492433548
2112  0.2857142984867096
2113  0.4285714328289032
2114  0.4285714328289032
2115  0.4285714328289032
2116  0.4285714328289032
2117  0.1428571492433548
2118  0.1428571492433548
2119  0.2857142984867096
2120  0.1428571492433548
2121  0.2857142984867096
2122  0.2857142984867096
2123  0.1428571492433548
2124  0.1428571492433548
2125  0.1428571492433548
2126  0.1428571492433548
2127  0.1428571492433548
2128  0.4285714328289032
2129  0.1428571492433548
2130  0.1428571492433548
2131  0.0
2132  0.2857142984867096
2133  0.2857142984867096
2134  0.4285714328289032
2135  0.1428571492433548
2136  0.1428571492433548
2137  0.2857142984867096
2138  0.1428571492433548
2139  0.1428571492433548
2140  0.2857142984867096
2141  0.2857142984867096
2142  0.1428571492433548
2143  0.1428571492433548
2144  0.1428571492433548
2145  0.1428571492433548
2146  0.1428571492433548
2147  0.4285714328289032
2148  0.1428571492433548
2149  0.1428571492433548
2150  0.1428571492433548
2151  0.1428571492433548
2152  0.1428571492433548
2153  0.2857142984867096
2154  0.2857142984867096
2155  0.2857142984867096
2156  0.1428571492433548
2157  0.1428571492433548
2158  0.2857142984867096
2159  0.1428571492433548
2160  0.2857142984867096
2161  0.4285714328289032
2162  0.1428571492433548
2163  0.2857142984867096
2164  0.1428571492433548
2165  0.1428571492433548
2166  1.0
2167  0.1428571492433548
2168  0.1428571492433548
2169  0.2857142984867096
2170  0.2857142984867096
2171  0.1428571492433548
2172  0.1428571492433548
2173  0.1428571492433548
2174  0.4285714328289032
2175  0.1428571492433548
2176  0.2857142984867096
2177  0.1428571492433548
2178  0.1428571492433548
2179  0.2857142984867096
2180  0.2857142984867096
2181  0.5714285969734192
2182  0.4285714328289032
2183  0.4285714328289032
2184  0.1428571492433548
2185  0.4285714328289032
2186  0.1428571492433548
2187  0.1428571492433548
2188  0.1428571492433548
2189  0.4285714328289032
2190  0.1428571492433548
2191  0.1428571492433548
2192  0.1428571492433548
2193  0.1428571492433548
2194  0.0
2195  0.1428571492433548
2196  0.5714285969734192
2197  0.1428571492433548
2198  0.1428571492433548
2199  0.1428571492433548
2200  0.2857142984867096
2201  0.1428571492433548
2202  0.4285714328289032
2203  0.1428571492433548
2204  0.4285714328289032
2205  0.4285714328289032
2206  0.4285714328289032
2207  0.1428571492433548
2208  0.2857142984867096
2209  0.4285714328289032
2210  0.2857142984867096
2211  0.2857142984867096
2212  0.4285714328289032
2213  0.1428571492433548
2214  0.1428571492433548
2215  0.2857142984867096
2216  0.1428571492433548
2217  0.5714285969734192
2218  0.2857142984867096
2219  0.2857142984867096
2220  0.4285714328289032
2221  0.1428571492433548
2222  0.4285714328289032
2223  0.1428571492433548
2224  0.2857142984867096
2225  0.1428571492433548
2226  0.5714285969734192
2227  0.1428571492433548
2228  0.4285714328289032
2229  0.1428571492433548
2230  0.7142857313156128
2231  0.1428571492433548
2232  0.2857142984867096
2233  0.2857142984867096
2234  0.7142857313156128
2235  0.1428571492433548
2236  0.1428571492433548
2237  0.2857142984867096
2238  0.1428571492433548
2239  0.1428571492433548
2240  0.1428571492433548
2241  0.1428571492433548
2242  0.1428571492433548
2243  0.1428571492433548
2244  0.2857142984867096
2245  0.4285714328289032
2246  0.1428571492433548
2247  0.2857142984867096
2248  0.1428571492433548
2249  0.2857142984867096
2250  0.1428571492433548
2251  0.1428571492433548
2252  0.2857142984867096
2253  0.2857142984867096
2254  0.5714285969734192
2255  0.2857142984867096
2256  0.1428571492433548
2257  0.7142857313156128
2258  0.1428571492433548
2259  0.2857142984867096
2260  0.1428571492433548
2261  0.1428571492433548
2262  0.1428571492433548
2263  0.1428571492433548
2264  0.5714285969734192
2265  0.1428571492433548
2266  0.1428571492433548
2267  0.2857142984867096
2268  0.1428571492433548
2269  0.5714285969734192
2270  0.1428571492433548
2271  0.2857142984867096
2272  0.1428571492433548
2273  0.1428571492433548
2274  0.1428571492433548
2275  0.2857142984867096
2276  0.1428571492433548
2277  0.2857142984867096
2278  0.2857142984867096
2279  0.0
2280  0.1428571492433548
2281  0.1428571492433548
2282  0.7142857313156128
2283  0.1428571492433548
2284  0.2857142984867096
2285  0.1428571492433548
2286  0.1428571492433548
2287  0.1428571492433548
2288  0.1428571492433548
2289  0.1428571492433548
2290  0.1428571492433548
2291  0.1428571492433548
2292  0.2857142984867096
2293  0.1428571492433548
2294  0.0
2295  0.2857142984867096
2296  0.4285714328289032
2297  0.2857142984867096
2298  0.1428571492433548
2299  0.5714285969734192
2300  0.1428571492433548
2301  0.1428571492433548
2302  0.2857142984867096
2303  0.1428571492433548
2304  0.1428571492433548
2305  0.1428571492433548
2306  0.2857142984867096
2307  0.1428571492433548
2308  0.1428571492433548
2309  0.1428571492433548
2310  0.1428571492433548
2311  0.4285714328289032
2312  0.2857142984867096
2313  0.2857142984867096
2314  0.4285714328289032
2315  0.2857142984867096
2316  0.4285714328289032
2317  0.1428571492433548
2318  0.1428571492433548
2319  0.2857142984867096
2320  0.4285714328289032
2321  0.4285714328289032
2322  0.4285714328289032
2323  0.4285714328289032
2324  0.2857142984867096
2325  0.1428571492433548
2326  0.2857142984867096
2327  0.1428571492433548
2328  0.2857142984867096
2329  0.2857142984867096
2330  0.1428571492433548
2331  0.5714285969734192
2332  0.4285714328289032
2333  0.1428571492433548
2334  0.1428571492433548
2335  0.4285714328289032
2336  0.1428571492433548
2337  0.1428571492433548
2338  0.2857142984867096
2339  0.4285714328289032
2340  0.2857142984867096
2341  0.2857142984867096
2342  0.2857142984867096
2343  0.2857142984867096
2344  0.1428571492433548
2345  0.2857142984867096
2346  0.2857142984867096
2347  0.2857142984867096
2348  0.2857142984867096
2349  0.2857142984867096
2350  0.2857142984867096
2351  0.2857142984867096
2352  0.2857142984867096
2353  0.4285714328289032
2354  0.4285714328289032
2355  0.1428571492433548
2356  0.4285714328289032
2357  0.2857142984867096
2358  0.2857142984867096
2359  0.0
2360  0.5714285969734192
2361  0.5714285969734192
2362  0.5714285969734192
2363  0.2857142984867096
2364  0.2857142984867096
2365  0.1428571492433548
2366  0.4285714328289032
2367  0.2857142984867096
2368  0.4285714328289032
2369  0.4285714328289032
2370  0.2857142984867096
2371  0.4285714328289032
2372  0.2857142984867096
2373  0.2857142984867096
2374  0.1428571492433548
2375  0.4285714328289032
2376  0.1428571492433548
2377  0.2857142984867096
2378  0.2857142984867096
2379  0.2857142984867096
2380  0.2857142984867096
2381  0.2857142984867096
2382  0.2857142984867096
2383  0.1428571492433548
2384  0.1428571492433548
2385  0.1428571492433548
2386  0.1428571492433548
2387  0.1428571492433548
2388  0.2857142984867096
2389  0.2857142984867096
2390  0.2857142984867096
2391  0.2857142984867096
2392  0.1428571492433548
2393  0.1428571492433548
2394  0.1428571492433548
2395  0.1428571492433548
2396  0.5714285969734192
2397  0.1428571492433548
2398  0.7142857313156128
2399  0.2857142984867096
2400  0.4285714328289032
2401  0.2857142984867096
2402  0.2857142984867096
2403  0.1428571492433548
2404  0.5714285969734192
2405  0.5714285969734192
2406  0.4285714328289032
2407  0.1428571492433548
2408  0.1428571492433548
2409  0.1428571492433548
2410  0.1428571492433548
2411  0.2857142984867096
2412  0.2857142984867096
2413  0.2857142984867096
2414  0.4285714328289032
2415  0.5714285969734192
2416  1.0
2417  0.5714285969734192
2418  1.0
2419  0.1428571492433548
2420  0.2857142984867096
2421  0.4285714328289032
2422  0.5714285969734192
2423  0.2857142984867096
2424  0.4285714328289032
2425  0.2857142984867096
2426  0.2857142984867096
2427  0.5714285969734192
2428  0.2857142984867096
2429  0.2857142984867096
2430  0.1428571492433548
2431  0.2857142984867096
2432  0.1428571492433548
2433  0.4285714328289032
2434  0.2857142984867096
2435  0.5714285969734192
2436  0.2857142984867096
2437  0.1428571492433548
2438  0.2857142984867096
2439  0.2857142984867096
2440  0.2857142984867096
2441  0.1428571492433548
2442  0.4285714328289032
2443  0.5714285969734192
2444  0.5714285969734192
2445  0.2857142984867096
2446  0.1428571492433548
2447  0.4285714328289032
2448  0.2857142984867096
2449  0.2857142984867096
2450  0.4285714328289032
2451  0.2857142984867096
2452  0.4285714328289032
2453  0.2857142984867096
2454  0.1428571492433548
2455  0.4285714328289032
2456  0.1428571492433548
2457  0.1428571492433548
2458  0.1428571492433548
2459  0.1428571492433548
2460  0.1428571492433548
2461  0.1428571492433548
2462  0.2857142984867096
2463  0.2857142984867096
2464  0.2857142984867096
2465  0.1428571492433548
2466  0.2857142984867096
2467  0.2857142984867096
2468  0.1428571492433548
2469  0.2857142984867096
2470  0.1428571492433548
2471  0.1428571492433548
2472  0.2857142984867096
2473  0.4285714328289032
2474  0.2857142984867096
2475  0.8571428656578064
2476  0.2857142984867096
2477  0.4285714328289032
2478  0.2857142984867096
2479  0.2857142984867096
2480  0.2857142984867096
2481  0.4285714328289032
2482  0.1428571492433548
2483  0.2857142984867096
2484  0.1428571492433548
2485  0.2857142984867096
2486  0.2857142984867096
2487  0.4285714328289032
2488  0.5714285969734192
2489  0.1428571492433548
2490  0.7142857313156128
2491  0.1428571492433548
2492  0.2857142984867096
2493  0.1428571492433548
2494  0.4285714328289032
2495  0.4285714328289032
2496  0.1428571492433548
2497  0.4285714328289032
2498  0.4285714328289032
2499  0.1428571492433548
2500  0.1428571492433548
2501  0.2857142984867096
2502  0.1428571492433548
2503  0.1428571492433548
2504  0.1428571492433548
2505  0.1428571492433548
2506  0.5714285969734192
2507  0.5714285969734192
2508  0.1428571492433548
2509  0.2857142984867096
2510  0.2857142984867096
2511  0.2857142984867096
2512  0.2857142984867096
2513  0.2857142984867096
2514  0.4285714328289032
2515  0.2857142984867096
2516  0.2857142984867096
2517  0.2857142984867096
2518  0.1428571492433548
2519  0.5714285969734192
2520  0.5714285969734192
2521  0.1428571492433548
2522  0.1428571492433548
2523  0.1428571492433548
2524  0.4285714328289032
2525  0.1428571492433548
2526  0.1428571492433548
2527  0.4285714328289032
2528  0.1428571492433548
2529  0.1428571492433548
2530  0.2857142984867096
2531  0.4285714328289032
2532  0.1428571492433548
2533  0.1428571492433548
2534  0.2857142984867096
2535  0.1428571492433548
2536  0.1428571492433548
2537  0.2857142984867096
2538  0.1428571492433548
2539  0.1428571492433548
2540  0.1428571492433548
2541  0.2857142984867096
2542  0.1428571492433548
2543  0.2857142984867096
2544  0.1428571492433548
2545  0.2857142984867096
2546  0.1428571492433548
2547  0.2857142984867096
2548  0.2857142984867096
2549  0.2857142984867096
2550  0.2857142984867096
2551  0.2857142984867096
2552  0.2857142984867096
2553  0.1428571492433548
2554  0.4285714328289032
2555  0.4285714328289032
2556  0.1428571492433548
2557  0.2857142984867096
2558  0.2857142984867096
2559  0.4285714328289032
2560  0.2857142984867096
2561  0.1428571492433548
2562  0.4285714328289032
2563  0.0
2564  0.7142857313156128
2565  0.2857142984867096
2566  0.1428571492433548
2567  0.1428571492433548
2568  0.1428571492433548
2569  0.1428571492433548
2570  0.1428571492433548
2571  0.2857142984867096
2572  0.4285714328289032
2573  0.2857142984867096
2574  0.2857142984867096
2575  0.2857142984867096
2576  0.0
2577  0.2857142984867096
2578  0.4285714328289032
2579  0.2857142984867096
2580  0.5714285969734192
2581  0.5714285969734192
2582  0.1428571492433548
2583  0.2857142984867096
2584  0.2857142984867096
2585  0.5714285969734192
2586  0.2857142984867096
2587  0.1428571492433548
2588  0.4285714328289032
2589  0.2857142984867096
2590  0.1428571492433548
2591  0.1428571492433548
2592  0.2857142984867096
2593  0.1428571492433548
2594  0.4285714328289032
2595  0.2857142984867096
2596  0.8571428656578064
2597  1.0
2598  0.4285714328289032
2599  0.1428571492433548
2600  0.0
2601  0.4285714328289032
2602  0.1428571492433548
2603  0.2857142984867096
2604  0.4285714328289032
2605  0.2857142984867096
2606  0.2857142984867096
2607  0.1428571492433548
2608  0.2857142984867096
2609  0.2857142984867096
2610  0.1428571492433548
2611  0.1428571492433548
2612  0.2857142984867096
2613  0.2857142984867096
2614  0.2857142984867096
2615  0.2857142984867096
2616  0.1428571492433548
2617  0.1428571492433548
2618  0.1428571492433548
2619  0.4285714328289032
2620  0.1428571492433548
2621  0.4285714328289032
2622  0.5714285969734192
2623  0.1428571492433548
2624  0.1428571492433548
2625  0.5714285969734192
2626  0.5714285969734192
2627  0.2857142984867096
2628  0.2857142984867096
2629  0.1428571492433548
2630  0.2857142984867096
2631  0.4285714328289032
2632  0.5714285969734192
2633  0.5714285969734192
2634  0.2857142984867096
2635  0.1428571492433548
2636  0.2857142984867096
2637  1.0
2638  0.5714285969734192
2639  0.5714285969734192
2640  0.4285714328289032
2641  0.4285714328289032
2642  0.2857142984867096
2643  0.4285714328289032
2644  0.2857142984867096
2645  0.4285714328289032
2646  0.5714285969734192
2647  0.2857142984867096
2648  0.2857142984867096
2649  0.5714285969734192
2650  0.5714285969734192
2651  0.5714285969734192
2652  0.1428571492433548
2653  0.1428571492433548
2654  0.1428571492433548
2655  0.4285714328289032
2656  0.1428571492433548
2657  0.2857142984867096
2658  0.1428571492433548
2659  0.1428571492433548
2660  0.2857142984867096
2661  0.1428571492433548
2662  0.1428571492433548
2663  0.2857142984867096
2664  0.2857142984867096
2665  0.4285714328289032
2666  0.2857142984867096
2667  0.7142857313156128
2668  0.1428571492433548
2669  0.2857142984867096
2670  0.4285714328289032
2671  0.1428571492433548
2672  0.4285714328289032
2673  0.4285714328289032
2674  0.1428571492433548
2675  0.2857142984867096
2676  0.2857142984867096
2677  0.1428571492433548
2678  0.1428571492433548
2679  0.2857142984867096
2680  0.2857142984867096
2681  0.5714285969734192
2682  0.1428571492433548
2683  0.2857142984867096
2684  0.1428571492433548
2685  0.1428571492433548
2686  0.2857142984867096
2687  0.2857142984867096
2688  0.1428571492433548
2689  0.1428571492433548
2690  0.1428571492433548
2691  0.1428571492433548
2692  0.1428571492433548
2693  0.1428571492433548
2694  0.1428571492433548
2695  0.1428571492433548
2696  0.1428571492433548
2697  0.1428571492433548
2698  0.1428571492433548
2699  0.1428571492433548
2700  0.1428571492433548
2701  0.1428571492433548
2702  0.2857142984867096
2703  0.7142857313156128
2704  0.4285714328289032
2705  0.7142857313156128
2706  0.7142857313156128
2707  0.1428571492433548
2708  0.2857142984867096
2709  0.2857142984867096
2710  0.2857142984867096
2711  0.4285714328289032
2712  0.1428571492433548
2713  0.2857142984867096
2714  0.1428571492433548
2715  0.1428571492433548
2716  0.1428571492433548
2717  0.1428571492433548
2718  0.4285714328289032
2719  0.4285714328289032
2720  0.4285714328289032
2721  0.2857142984867096
2722  0.1428571492433548
2723  0.1428571492433548
2724  0.0
2725  0.1428571492433548
2726  0.2857142984867096
2727  0.2857142984867096
2728  0.1428571492433548
2729  0.2857142984867096
2730  0.4285714328289032
2731  0.2857142984867096
2732  0.4285714328289032
2733  0.4285714328289032
2734  0.4285714328289032
2735  0.1428571492433548
2736  0.2857142984867096
2737  0.1428571492433548
2738  0.1428571492433548
2739  0.2857142984867096
2740  0.2857142984867096
2741  0.1428571492433548
2742  0.1428571492433548
2743  0.1428571492433548
2744  0.1428571492433548
2745  0.4285714328289032
2746  0.1428571492433548
2747  0.1428571492433548
2748  0.1428571492433548
2749  0.1428571492433548
2750  0.2857142984867096
2751  0.2857142984867096
2752  0.2857142984867096
2753  0.1428571492433548
2754  0.1428571492433548
2755  0.1428571492433548
2756  0.1428571492433548
2757  0.1428571492433548
2758  0.1428571492433548
2759  0.1428571492433548
2760  0.1428571492433548
2761  0.2857142984867096
2762  0.2857142984867096
2763  0.2857142984867096
2764  0.1428571492433548
2765  0.1428571492433548
2766  0.1428571492433548
2767  0.2857142984867096
2768  0.1428571492433548
2769  0.1428571492433548
2770  0.2857142984867096
2771  0.2857142984867096
2772  0.2857142984867096
2773  0.2857142984867096
2774  0.5714285969734192
2775  0.5714285969734192
2776  0.4285714328289032
2777  0.1428571492433548
2778  0.1428571492433548
2779  0.2857142984867096
2780  0.2857142984867096
2781  0.1428571492433548
2782  0.8571428656578064
2783  0.4285714328289032
2784  0.7142857313156128
2785  0.5714285969734192
2786  0.5714285969734192
2787  0.2857142984867096
2788  0.2857142984867096
2789  0.2857142984867096
2790  0.4285714328289032
2791  0.1428571492433548
2792  0.1428571492433548
2793  0.2857142984867096
2794  0.1428571492433548
2795  0.1428571492433548
2796  0.1428571492433548
2797  0.2857142984867096
2798  0.1428571492433548
2799  0.2857142984867096
2800  0.1428571492433548
2801  0.1428571492433548
2802  0.1428571492433548
2803  0.2857142984867096
2804  0.1428571492433548
2805  0.1428571492433548
2806  0.1428571492433548
2807  0.1428571492433548
2808  0.1428571492433548
2809  0.1428571492433548
2810  0.1428571492433548
2811  0.1428571492433548
2812  0.2857142984867096
2813  0.1428571492433548
2814  0.2857142984867096
2815  0.4285714328289032
2816  0.2857142984867096
2817  0.1428571492433548
2818  0.1428571492433548
2819  0.2857142984867096
2820  0.4285714328289032
2821  0.1428571492433548
2822  0.4285714328289032
2823  0.2857142984867096
2824  0.2857142984867096
2825  0.2857142984867096
2826  0.4285714328289032
2827  0.2857142984867096
2828  0.5714285969734192
2829  0.7142857313156128
2830  0.4285714328289032
2831  0.1428571492433548
2832  0.1428571492433548
2833  0.1428571492433548
2834  0.1428571492433548
2835  0.4285714328289032
2836  0.2857142984867096
2837  0.2857142984867096
2838  0.1428571492433548
2839  0.1428571492433548
2840  0.2857142984867096
2841  0.1428571492433548
2842  0.2857142984867096
2843  0.2857142984867096
2844  0.2857142984867096
2845  0.2857142984867096
2846  0.1428571492433548
2847  0.1428571492433548
2848  0.5714285969734192
2849  0.1428571492433548
2850  0.1428571492433548
2851  0.1428571492433548
2852  0.1428571492433548
2853  0.2857142984867096
2854  0.2857142984867096
2855  0.2857142984867096
2856  0.1428571492433548
2857  0.2857142984867096
2858  0.1428571492433548
2859  0.4285714328289032
2860  0.2857142984867096
2861  0.4285714328289032
2862  0.1428571492433548
2863  0.2857142984867096
2864  0.1428571492433548
2865  0.1428571492433548
2866  0.4285714328289032
2867  0.2857142984867096
2868  0.4285714328289032
2869  0.1428571492433548
2870  0.1428571492433548
2871  0.1428571492433548
2872  0.1428571492433548
2873  0.1428571492433548
2874  0.4285714328289032
2875  0.2857142984867096
2876  0.0
2877  0.1428571492433548
2878  0.1428571492433548
2879  0.1428571492433548
2880  0.4285714328289032
2881  0.0
2882  0.2857142984867096
2883  0.2857142984867096
2884  0.2857142984867096
2885  0.1428571492433548
2886  0.4285714328289032
2887  0.1428571492433548
2888  0.1428571492433548
2889  0.1428571492433548
2890  0.1428571492433548
2891  0.2857142984867096
2892  0.1428571492433548
2893  0.1428571492433548
2894  0.1428571492433548
2895  0.1428571492433548
2896  0.1428571492433548
2897  0.1428571492433548
2898  0.4285714328289032
2899  0.4285714328289032
2900  0.4285714328289032
2901  0.1428571492433548
2902  0.1428571492433548
2903  0.1428571492433548
2904  0.1428571492433548
2905  0.1428571492433548
2906  0.1428571492433548
2907  0.1428571492433548
2908  0.1428571492433548
2909  0.2857142984867096
2910  0.2857142984867096
2911  0.5714285969734192
2912  0.4285714328289032
2913  0.1428571492433548
2914  0.1428571492433548
2915  0.1428571492433548
2916  0.1428571492433548
2917  0.1428571492433548
2918  0.2857142984867096
2919  0.4285714328289032
2920  0.4285714328289032
2921  0.2857142984867096
2922  0.1428571492433548
2923  0.1428571492433548
2924  0.1428571492433548
2925  1.0
2926  0.2857142984867096
2927  0.2857142984867096
2928  0.2857142984867096
2929  0.1428571492433548
2930  0.1428571492433548
2931  0.2857142984867096
2932  0.1428571492433548
2933  0.2857142984867096
2934  0.1428571492433548
2935  0.1428571492433548
2936  0.2857142984867096
2937  0.2857142984867096
2938  0.2857142984867096
2939  0.1428571492433548
2940  0.1428571492433548
2941  0.1428571492433548
2942  0.1428571492433548
2943  0.1428571492433548
2944  0.1428571492433548
2945  0.1428571492433548
2946  0.1428571492433548
2947  0.1428571492433548
2948  0.2857142984867096
2949  0.1428571492433548
2950  0.2857142984867096
2951  0.1428571492433548
2952  0.2857142984867096
2953  0.1428571492433548
2954  0.2857142984867096
2955  0.2857142984867096
2956  0.2857142984867096
2957  0.2857142984867096
2958  0.1428571492433548
2959  0.2857142984867096
2960  0.1428571492433548
2961  0.1428571492433548
2962  0.1428571492433548
2963  0.1428571492433548
2964  0.4285714328289032
2965  0.1428571492433548
2966  0.7142857313156128
2967  0.4285714328289032
2968  0.4285714328289032
2969  0.1428571492433548
2970  0.1428571492433548
2971  0.1428571492433548
2972  0.1428571492433548
2973  0.2857142984867096
2974  0.2857142984867096
2975  0.2857142984867096
2976  0.4285714328289032
2977  0.4285714328289032
2978  0.1428571492433548
2979  0.1428571492433548
2980  0.1428571492433548
2981  0.1428571492433548
2982  0.1428571492433548
2983  0.1428571492433548
2984  0.4285714328289032
2985  0.2857142984867096
2986  0.2857142984867096
2987  0.1428571492433548
2988  0.1428571492433548
2989  0.1428571492433548
2990  0.1428571492433548
2991  0.2857142984867096
2992  0.1428571492433548
2993  0.2857142984867096
2994  0.4285714328289032
2995  0.1428571492433548
2996  0.1428571492433548
2997  0.1428571492433548
2998  0.1428571492433548
2999  0.2857142984867096
3000  0.1428571492433548
3001  0.1428571492433548
3002  0.1428571492433548
3003  0.1428571492433548
3004  0.1428571492433548
3005  0.1428571492433548
3006  0.1428571492433548
3007  0.2857142984867096
3008  0.1428571492433548
3009  0.4285714328289032
3010  0.2857142984867096
3011  0.2857142984867096
3012  0.1428571492433548
3013  0.1428571492433548
3014  0.4285714328289032
3015  0.1428571492433548
3016  0.1428571492433548
3017  0.5714285969734192
3018  0.4285714328289032
3019  0.1428571492433548
3020  0.1428571492433548
3021  0.1428571492433548
3022  0.1428571492433548
3023  0.1428571492433548
3024  0.1428571492433548
3025  0.5714285969734192
3026  0.4285714328289032
3027  0.2857142984867096
3028  0.2857142984867096
3029  0.2857142984867096
3030  0.2857142984867096
3031  0.1428571492433548
3032  0.1428571492433548
3033  0.1428571492433548
3034  0.2857142984867096
3035  0.2857142984867096
3036  0.2857142984867096
3037  0.2857142984867096
3038  0.2857142984867096
3039  0.2857142984867096
3040  0.1428571492433548
3041  0.1428571492433548
3042  0.1428571492433548
3043  0.1428571492433548
3044  0.2857142984867096
3045  0.2857142984867096
3046  0.5714285969734192
3047  0.1428571492433548
3048  0.2857142984867096
3049  0.2857142984867096
3050  0.2857142984867096
3051  0.2857142984867096
3052  0.2857142984867096
3053  0.1428571492433548
3054  0.1428571492433548
3055  0.1428571492433548
3056  0.1428571492433548
3057  0.2857142984867096
3058  0.2857142984867096
3059  0.2857142984867096
3060  0.1428571492433548
3061  0.1428571492433548
3062  0.1428571492433548
3063  0.1428571492433548
3064  0.1428571492433548
3065  0.1428571492433548
3066  0.2857142984867096
3067  0.1428571492433548
3068  0.2857142984867096
3069  0.1428571492433548
3070  0.1428571492433548
3071  0.4285714328289032
3072  0.2857142984867096
3073  0.2857142984867096
3074  0.1428571492433548
3075  0.2857142984867096
3076  0.4285714328289032
3077  0.1428571492433548
3078  0.1428571492433548
3079  0.1428571492433548
3080  0.2857142984867096
3081  0.1428571492433548
3082  0.0
3083  0.1428571492433548
3084  0.1428571492433548
3085  0.1428571492433548
3086  0.1428571492433548
3087  0.2857142984867096
3088  0.1428571492433548
3089  0.1428571492433548
3090  0.2857142984867096
3091  0.1428571492433548
3092  0.1428571492433548
3093  0.2857142984867096
3094  0.1428571492433548
3095  0.1428571492433548
3096  0.1428571492433548
3097  0.1428571492433548
3098  0.1428571492433548
3099  0.4285714328289032
3100  0.1428571492433548
3101  0.1428571492433548
3102  0.2857142984867096
3103  0.2857142984867096
3104  0.1428571492433548
3105  0.1428571492433548
3106  0.2857142984867096
3107  0.2857142984867096
3108  0.1428571492433548
3109  0.1428571492433548
3110  0.1428571492433548
3111  0.1428571492433548
3112  0.1428571492433548
3113  0.1428571492433548
3114  0.2857142984867096
3115  0.1428571492433548
3116  0.1428571492433548
3117  0.2857142984867096
3118  0.2857142984867096
3119  0.2857142984867096
3120  0.2857142984867096
3121  0.1428571492433548
3122  0.0
3123  0.0
3124  0.1428571492433548
3125  0.2857142984867096
3126  0.1428571492433548
3127  0.1428571492433548
3128  0.4285714328289032
3129  0.1428571492433548
3130  0.1428571492433548
3131  0.1428571492433548
3132  0.2857142984867096
3133  0.2857142984867096
3134  0.2857142984867096
3135  0.1428571492433548
3136  0.1428571492433548
3137  0.1428571492433548
3138  0.2857142984867096
3139  0.2857142984867096
3140  0.1428571492433548
3141  0.1428571492433548
3142  0.1428571492433548
3143  0.1428571492433548
3144  0.1428571492433548
3145  0.1428571492433548
3146  0.1428571492433548
3147  0.1428571492433548
3148  0.1428571492433548
3149  0.1428571492433548
3150  0.1428571492433548
3151  0.1428571492433548
3152  0.2857142984867096
3153  0.2857142984867096
3154  0.1428571492433548
3155  0.1428571492433548
3156  0.2857142984867096
3157  0.1428571492433548
3158  0.1428571492433548
3159  0.1428571492433548
3160  0.1428571492433548
3161  0.1428571492433548
3162  0.1428571492433548
3163  0.1428571492433548
3164  0.2857142984867096
3165  0.1428571492433548
3166  0.1428571492433548
3167  0.1428571492433548
3168  0.1428571492433548
3169  0.2857142984867096
3170  0.1428571492433548
3171  0.2857142984867096
3172  0.2857142984867096
3173  0.1428571492433548
3174  0.1428571492433548
3175  0.1428571492433548
3176  0.1428571492433548
3177  0.1428571492433548
3178  0.1428571492433548
3179  0.1428571492433548
3180  0.2857142984867096
3181  0.2857142984867096
3182  0.1428571492433548
3183  0.1428571492433548
3184  0.2857142984867096
3185  0.2857142984867096
3186  0.1428571492433548
3187  0.1428571492433548
3188  0.2857142984867096
3189  0.1428571492433548
3190  0.0
3191  0.1428571492433548
3192  0.1428571492433548
3193  0.2857142984867096
3194  0.2857142984867096
3195  0.1428571492433548
3196  0.1428571492433548
3197  0.2857142984867096
3198  0.1428571492433548
3199  0.1428571492433548
3200  0.2857142984867096
3201  0.2857142984867096
3202  0.1428571492433548
3203  0.4285714328289032
3204  0.4285714328289032
3205  0.1428571492433548
3206  0.2857142984867096
3207  0.2857142984867096
3208  0.1428571492433548
3209  0.1428571492433548
3210  0.1428571492433548
3211  0.1428571492433548
3212  0.2857142984867096
3213  0.1428571492433548
3214  0.1428571492433548
3215  0.2857142984867096
3216  0.1428571492433548
3217  0.1428571492433548
3218  0.1428571492433548
3219  0.2857142984867096
3220  0.2857142984867096
3221  0.2857142984867096
3222  0.1428571492433548
3223  0.1428571492433548
3224  0.2857142984867096
3225  0.1428571492433548
3226  0.1428571492433548
3227  0.2857142984867096
3228  0.2857142984867096
3229  0.1428571492433548
3230  0.2857142984867096
3231  0.1428571492433548
3232  0.2857142984867096
3233  0.1428571492433548
3234  0.1428571492433548
3235  0.1428571492433548
3236  0.2857142984867096
3237  0.1428571492433548
3238  0.1428571492433548
3239  0.1428571492433548
3240  0.1428571492433548
3241  0.4285714328289032
3242  0.1428571492433548
3243  0.1428571492433548
3244  0.2857142984867096
3245  0.1428571492433548
3246  0.2857142984867096
3247  0.1428571492433548
3248  0.1428571492433548
3249  0.4285714328289032
3250  0.1428571492433548
3251  0.2857142984867096
3252  0.4285714328289032
3253  0.4285714328289032
3254  0.2857142984867096
3255  0.1428571492433548
3256  0.1428571492433548
3257  0.2857142984867096
3258  0.1428571492433548
3259  0.1428571492433548
3260  0.0
3261  0.2857142984867096
3262  0.1428571492433548
3263  0.2857142984867096
3264  0.1428571492433548
3265  0.2857142984867096
3266  0.1428571492433548
3267  0.2857142984867096
3268  0.2857142984867096
3269  0.1428571492433548
3270  0.1428571492433548
3271  0.1428571492433548
3272  0.2857142984867096
3273  0.2857142984867096
3274  0.5714285969734192
3275  0.1428571492433548
3276  0.2857142984867096
3277  0.1428571492433548
3278  0.1428571492433548
3279  0.1428571492433548
3280  0.1428571492433548
3281  0.1428571492433548
3282  0.2857142984867096
3283  0.1428571492433548
3284  0.1428571492433548
3285  0.1428571492433548
3286  0.4285714328289032
3287  0.1428571492433548
3288  0.1428571492433548
3289  0.1428571492433548
3290  0.1428571492433548
3291  0.1428571492433548
3292  0.1428571492433548
3293  0.1428571492433548
3294  0.2857142984867096
3295  0.1428571492433548
3296  0.4285714328289032
3297  0.1428571492433548
3298  0.1428571492433548
3299  0.2857142984867096
3300  0.1428571492433548
3301  0.2857142984867096
3302  0.2857142984867096
3303  0.1428571492433548
3304  0.2857142984867096
3305  0.1428571492433548
3306  0.1428571492433548
3307  0.1428571492433548
3308  0.2857142984867096
3309  0.1428571492433548
3310  0.1428571492433548
3311  0.1428571492433548
3312  0.2857142984867096
3313  0.1428571492433548
3314  0.1428571492433548
3315  0.1428571492433548
3316  0.1428571492433548
3317  0.1428571492433548
3318  0.1428571492433548
3319  0.1428571492433548
3320  0.1428571492433548
3321  0.1428571492433548
3322  0.1428571492433548
3323  0.1428571492433548
3324  0.2857142984867096
3325  0.1428571492433548
3326  0.1428571492433548
