26203 
26404 
210751 
90714 
113129 
66148 
25893 
305696 
189121 
105867 
215967 
289385 
162473 
133441 
57612 
192493 
236437 
175406 
38489 
117383 
199890 
117382 
244925 
152787 
242520 
169141 
41242 
333509 
248347 
251199 
230720 
120399 
90956 
260357 
38590 
315907 
323300 
701 
82866 
21053 
117742 
22408 
169823 
263312 
249083 
331621 
147211 
166464 
222031 
175536 
267198 
297673 
206414 
99564 
324493 
236608 
105982 
145074 
129577 
210614 
64967 
131447 
1492 
306307 
210049 
276317 
294979 
160885 
293485 
74539 
324275 
182624 
229939 
21890 
188492 
224304 
46025 
185665 
226821 
152052 
197598 
204462 
169618 
203701 
124954 
101582 
107311 
152791 
221320 
252282 
290344 
104886 
52414 
139699 
59497 
313114 
122413 
67571 
90718 
161245 
147212 
10867 
302 
169147 
134487 
263317 
259332 
107312 
261953 
197612 
37937 
307926 
94490 
64946 
215565 
275863 
294978 
329811 
57611 
70893 
297511 
240020 
299250 
91153 
83581 
28498 
173366 
212909 
315908 
3488 
121819 
174201 
262184 
221833 
269983 
288266 
132605 
77888 
315246 
230719 
2200 
318038 
275864 
303121 
70240 
48937 
200165 
310379 
169713 
235530 
