26200 26201 26202 26203 79623 79624 221014 221015 221016 221017 299101 299102 
26400 26401 26402 26403 26404 40640 40641 40642 40643 40644 40645 188412 188413 
16452 16454 16456 16457 16459 16460 16463 16465 16466 16467 16469 16470 16471 16472 44575 44576 44577 44578 44579 44580 44581 44582 44583 44584 44585 44586 64762 172383 194145 210751 210752 210753 210754 
90713 90714 90715 90716 90717 90718 90719 278338 278339 278340 
113129 129558 129559 129560 
66145 66146 66147 66148 66149 66150 
25888 25889 25890 25891 25892 25893 25894 67177 67178 67179 95910 95911 95912 95913 
239584 297041 297042 297043 305696 
189116 189117 189118 189119 189120 189121 189122 189123 223694 223695 223696 
105866 105867 105868 105869 105870 105871 105872 
151494 215967 215968 215969 215970 215971 
86026 289384 289385 289386 289387 289389 304380 304381 
162473 162474 162475 162476 162477 162478 317833 
133433 133434 133435 133436 133437 133438 133439 133440 133441 178244 209457 209458 209459 209460 209461 212325 212326 259674 285850 285851 285852 
57611 57612 57613 
192493 308406 308407 308408 308409 
195072 195073 195074 195077 195078 236436 236437 
175406 175407 175408 
38486 38488 38489 38490 38491 38492 38493 96765 
97398 117381 117382 117383 117384 117385 
147530 147531 147532 147533 199888 199889 199890 199891 
97398 117381 117382 117383 117384 117385 
145225 145226 145227 145228 220238 244923 244924 244925 244926 280403 280404 280406 280407 331477 331478 
152787 152788 152789 152790 152791 152792 152793 239646 
17286 17287 17288 17289 17290 17291 17292 221419 242518 242519 242520 242521 242522 321525 333268 
158008 158009 158010 158011 158012 158013 169141 169142 169143 
41242 41243 41244 41245 
227357 333508 333509 
248347 248348 248349 248350 
251195 251196 251197 251198 251199 327314 
230719 230720 230721 230722 305027 
120394 120395 120396 120397 120398 120399 266015 266016 266017 312534 312535 312536 
90952 90953 90954 90955 90956 
260355 260356 260357 260358 260359 260431 
22511 22512 22513 22514 22515 22516 38584 38585 38586 38587 38588 38589 38590 38591 38592 190051 190052 190053 190055 190056 190057 190058 190059 190060 285941 
37935 37936 37937 315907 315908 
422 423 424 425 44642 44643 44644 44645 120455 120456 120457 120458 120459 147239 191984 191985 204845 228471 242409 242410 242411 242413 242414 252672 252673 262206 262207 323300 
698 700 701 702 704 705 706 707 
82865 82866 82867 82868 82869 280067 280068 
21052 21053 21054 
117739 117740 117741 117742 
22408 22409 22410 158729 158730 158731 158732 158733 158734 216954 
122105 122107 122108 122109 122110 122111 169823 225085 225086 294724 294725 294726 
263312 263313 263314 263315 263316 263317 
119959 249083 249084 249085 258768 258769 258770 258771 258772 287908 287909 287910 287911 291749 293438 297173 331968 
113765 113766 113767 113768 331621 
147208 147209 147210 147211 147212 147213 147214 147215 147216 147217 
166464 166465 166466 
67809 67811 67812 67813 67814 67815 120363 120364 120365 120366 120367 120368 179570 222028 222029 222030 222031 228475 228476 234463 234464 248097 248098 248099 299516 324470 
175536 175537 175538 175539 
41169 41170 98939 98940 98941 98942 98943 136080 136081 142764 142765 207912 207913 207914 207915 207916 217854 222834 222835 222836 267197 267198 277359 282346 282347 282348 282349 282350 284629 284630 284631 284632 284633 300903 300904 310639 315633 327137 327138 327139 327140 
69971 297671 297672 297673 297674 297675 
571 572 573 574 575 576 10421 10422 10423 10424 10425 10426 30103 35214 35215 35216 35217 35218 35219 35220 35221 38097 38098 38099 38100 38101 38102 38103 38104 38105 38107 38108 38109 38110 38111 38112 38113 38114 38115 38116 38118 38119 38120 38121 86107 129687 172050 206414 232849 322122 322123 322124 
36152 51922 51923 51924 51925 99562 99563 99564 99565 160533 160534 180321 180322 217730 217731 217732 217733 231853 244128 253971 253972 
118079 118080 118081 118082 324490 324491 324492 324493 
236604 236605 236606 236607 236608 293795 
105982 105983 105984 105985 105986 105987 105988 105990 105991 105993 105994 
62244 62245 62246 62247 100748 100749 100750 145071 145072 145073 145074 145075 145076 145077 145078 145079 156754 156755 156756 156757 156758 156759 156760 156761 156762 208651 226178 226181 232240 261269 298969 298970 299871 305103 
6032 6033 6034 6035 6036 6038 6039 6040 6041 6043 6044 6045 6046 129577 129578 129579 146852 146853 146854 146855 146857 219790 262243 262244 262245 262246 264482 
176308 176309 176310 176311 176312 176313 210614 210615 
64964 64965 64966 64967 64968 64969 71733 71734 71735 71736 71738 71739 71740 71741 71742 306957 
131447 131448 131449 131450 131451 131452 131453 131454 131455 131456 165833 
1473 1474 1475 1476 1477 1478 1479 1480 1492 1494 1495 1496 1497 239579 266071 
195492 306306 306307 
31290 62476 62477 62478 114863 114864 114865 114866 114867 114868 177737 177738 177739 192704 192705 210041 210042 210043 210044 210045 210046 210047 210048 210049 210051 210052 210053 210054 245426 283099 283100 283101 301598 302414 302415 310780 
256451 276317 276318 276319 
280883 294977 294978 294979 
160876 160877 160878 160879 160880 160881 160882 160883 160884 160885 246593 
293483 293484 293485 
74538 74539 74540 74541 74542 74543 123998 123999 166104 166105 166106 166107 166108 166109 171435 171436 171437 238546 266912 276619 276620 276621 276622 286628 289461 293134 293135 293136 293137 293138 294528 
324274 324275 324276 324277 
158887 182578 182579 182580 182581 182582 182624 307734 307735 
43237 43238 43239 43240 43241 229939 
21888 21889 21890 21891 21892 21893 21894 21895 26675 26676 26677 85887 85888 221012 
188491 188492 188493 188494 188495 273224 
65086 65087 191958 191960 224303 224304 224305 224306 224307 
46025 46026 46027 46028 46029 82159 82160 82161 82162 82163 82164 82165 82166 82167 82168 82169 82170 82171 82172 82174 192457 250535 250536 250537 250538 250539 250540 254426 254427 254428 297902 300313 300314 300315 300958 308831 308832 308833 322351 331567 
185659 185660 185661 185662 185663 185664 185665 185666 202452 247509 
226819 226820 226821 226822 226823 
149134 152052 152053 152054 152055 257510 257511 293677 328024 
197598 197599 197601 197602 197603 197604 256931 256932 256933 
83761 83762 83763 83764 83765 83766 83767 83768 83769 83770 83772 83773 192492 204456 204457 204459 204461 204462 221314 221315 221316 221317 221318 221319 221320 333750 
140585 140587 169618 169619 169620 169621 
79437 79438 79439 79440 79441 202369 203700 203701 
124952 124953 124954 124955 124956 203750 
101582 101583 101584 101585 101586 101587 146320 146321 146322 146323 201249 
100202 107302 107303 107304 107305 107306 107307 107308 107309 107310 107311 107312 
152787 152788 152789 152790 152791 152792 152793 239646 
83761 83762 83763 83764 83765 83766 83767 83768 83769 83770 83772 83773 192492 204456 204457 204459 204461 204462 221314 221315 221316 221317 221318 221319 221320 333750 
252282 252283 252284 252286 252287 
247937 247938 290342 290343 290344 290345 
104881 104882 104883 104884 104885 104886 104887 104888 141142 
52414 52415 52416 52417 52418 52419 52420 52421 52422 52423 67344 72210 72211 72212 72213 72214 112272 112273 112274 112275 186929 
139697 139698 139699 
59497 221830 221831 221832 221833 221834 221835 
313110 313111 313112 313113 313114 313115 313119 
122408 122410 122411 122412 122413 259242 262278 262279 285475 304482 
16782 16783 16784 16785 16786 67568 67569 67570 67571 67572 67573 67574 67575 69840 69841 210075 
90713 90714 90715 90716 90717 90718 90719 278338 278339 278340 
161241 161242 161243 161244 161245 161246 194717 194718 195583 
147208 147209 147210 147211 147212 147213 147214 147215 147216 147217 
10864 10865 10866 10867 10868 10869 26551 72049 85457 196744 
298 299 300 301 302 303 304 31807 31811 78929 122374 122375 122376 122377 186314 186315 186316 186317 186318 311782 312560 
169147 169148 169149 169150 169151 190254 190255 190256 190257 203608 203610 203611 203612 221061 290968 290969 293939 
134487 134488 134489 
263312 263313 263314 263315 263316 263317 
31958 31959 31960 31961 31962 31963 78174 78175 78176 78177 78178 78179 78180 78181 121915 121916 121917 121918 121919 135083 135084 135085 139420 197687 197688 197689 197690 220200 220202 226317 226318 234092 234093 234094 259331 259332 259333 263381 263382 263577 263578 266130 271932 271933 271934 271935 272386 273003 273004 281236 281237 281238 297166 297167 
100202 107302 107303 107304 107305 107306 107307 107308 107309 107310 107311 107312 
5656 189832 189833 189834 189835 189836 218321 218322 223569 223570 223571 232416 261953 261954 265371 265372 265373 265374 265375 265376 270863 270864 270865 270866 292378 294599 294600 300335 
197611 197612 197613 197614 197615 197616 197617 237949 275589 275590 275591 277864 277874 
37935 37936 37937 315907 315908 
175618 307925 307926 
94490 94491 94493 
64943 64944 64945 64946 
156548 156549 156551 156552 156553 215562 215563 215564 215565 215566 215567 273441 
275863 275864 275865 
280883 294977 294978 294979 
174861 174862 174863 329811 331272 
57611 57612 57613 
70891 70892 70893 70894 70895 70896 70931 
132195 132196 132197 132198 132199 132200 133310 133311 133312 297511 320796 
179525 240020 240021 240022 
103818 299250 299251 
91152 91153 91154 91155 187235 187236 187237 187238 225836 225837 
83578 83579 83580 83581 83582 83583 83584 83585 83586 98625 98626 98627 98628 98629 98630 98631 220700 328827 
28494 28495 28496 28497 28498 28499 28500 28501 28502 28503 28504 28505 28506 28507 28508 106883 
173364 173365 173366 
56268 56269 56270 56271 56272 56277 56278 212909 
37935 37936 37937 315907 315908 
3487 3488 3489 3490 3491 3492 3493 181805 181806 181807 181808 181809 255603 255604 255605 255606 258551 303456 308693 326593 
121811 121812 121813 121814 121815 121816 121817 121819 137908 
59190 174200 174201 174202 
262184 262185 262186 262187 288264 288265 288266 316343 316344 
59497 221830 221831 221832 221833 221834 221835 
173628 173629 173630 173631 173632 173633 182259 182260 208690 221557 269983 323296 
262184 262185 262186 262187 288264 288265 288266 316343 316344 
122495 122496 122497 122498 122499 122500 122501 122502 122503 122504 122505 122506 128459 132603 132604 132605 132606 170074 302150 
77886 77887 77888 77889 77890 77891 
220166 220167 220168 220169 220170 220171 220172 220173 315246 
230719 230720 230721 230722 305027 
2196 2197 2198 2199 2200 2201 2202 2203 2204 2205 2206 175725 175726 175727 175728 214356 244582 244583 244584 244585 261930 
318038 323099 323100 
275863 275864 275865 
303120 303121 303122 
70238 70239 70240 70241 70242 70243 70245 70246 70247 160213 160214 300641 
22182 22183 22184 22185 22186 22187 48935 48936 48937 48938 121703 121704 137163 137164 137165 137168 214560 214561 214562 214563 214564 258065 258066 258067 259823 263173 263174 279054 
101611 101612 101613 101614 101615 101616 101617 200165 200166 
310379 310380 310381 
129482 129483 129484 129485 129486 169710 169711 169712 169713 169714 169715 266430 266431 321048 321049 
15230 52751 87150 87151 87152 87153 87154 87155 154173 159723 159724 199289 199290 207134 207135 207136 207137 218276 235529 235530 235531 235532 235533 235534 235535 239840 259532 260645 260646 270547 280271 315696 318088 
