331203 
323469 
149502 
225086 
44964 
242519 
292153 
41299 
106967 
79439 
244559 
167097 
325771 
331203 
101586 
230808 
184896 
133914 
134454 
258770 
34306 
257621 
85635 
162295 
66133 
200402 
256824 
255112 
273786 
181494 
277937 
53098 
22514 
125645 
30307 
254427 
270269 
130209 
253839 
323297 
265374 
46039 
239925 
100918 
28464 
226 
128444 
10597 
21430 
701 
208861 
159529 
168210 
34518 
225209 
9545 
169151 
71516 
138767 
95311 
98934 
51801 
236654 
61626 
272478 
252775 
334087 
172715 
271658 
236579 
302099 
49968 
59365 
118155 
254608 
60008 
108092 
213573 
106966 
244560 
73426 
164568 
13232 
16470 
245696 
14928 
184467 
21027 
4508 
177005 
210041 
21432 
122691 
50927 
125628 
259220 
176633 
239160 
53318 
46298 
201249 
308600 
194184 
198116 
199616 
55611 
271996 
50173 
172714 
229702 
287261 
319482 
20942 
261956 
321525 
167175 
207571 
95208 
105205 
162469 
15354 
63828 
298246 
59660 
167098 
137551 
159361 
236260 
31004 
128135 
115647 
220706 
303086 
236111 
141382 
190055 
59656 
301066 
197130 
79748 
220166 
28117 
201072 
307450 
171064 
238378 
266017 
198116 
216292 
45229 
