30303 30304 30305 30306 30307 212080 303397 303398 318284 331203 332942 
159501 187582 187583 187584 187585 187586 249672 301159 301160 304037 304038 304039 309054 323465 323466 323468 323469 325762 330810 330811 
149500 149501 149502 149503 149504 167171 167172 167173 167175 167176 220289 286486 
122105 122107 122108 122109 122110 122111 169823 225085 225086 294724 294725 294726 
44961 44962 44963 44964 44965 101883 101884 101885 101886 101887 101888 194128 194129 194130 316262 
17286 17287 17288 17289 17290 17291 17292 221419 242518 242519 242520 242521 242522 321525 333268 
132929 132930 132931 132932 132933 132934 167388 256824 261523 261524 261525 271321 271322 271323 271324 292153 312908 
41292 41293 41294 41295 41296 41297 41298 41299 41300 41301 41302 
106965 106966 106967 106968 106969 106970 158077 158078 158079 241740 262787 
79437 79438 79439 79440 79441 202369 203700 203701 
244556 244557 244558 244559 244560 254707 254708 254709 254710 254711 254712 254713 254714 271181 285048 285049 
167094 167095 167096 167097 167098 184763 184764 217387 
172645 172646 172647 172648 172649 172650 172651 172652 325771 
30303 30304 30305 30306 30307 212080 303397 303398 318284 331203 332942 
101582 101583 101584 101585 101586 101587 146320 146321 146322 146323 201249 
6994 6995 6996 6997 6998 6999 7000 7001 7003 7004 38766 38767 38768 38769 38770 38771 38772 38773 38774 38775 38776 38777 84879 84880 84881 84882 84883 84884 160209 160210 160211 160212 161980 161981 175755 175756 198224 210104 212608 212609 212610 212611 219085 219605 230808 233041 236341 236342 236343 236344 236345 236346 236347 236348 236349 236350 236351 236352 236353 236354 236518 236519 237246 237247 239031 239032 271785 277003 280855 280856 280857 280858 280859 280860 280861 280862 280863 280864 280865 280866 283756 316924 316926 316927 330804 
11075 11076 11078 11079 11080 11081 11082 11083 11084 11085 11086 11087 11090 11091 11092 11093 11094 11095 31528 31529 31530 31531 144834 144835 144836 144837 144838 144839 154500 154501 184896 185619 207117 215387 233455 269684 269685 269686 274567 283682 290279 290280 290281 299356 299357 299358 299359 307666 307667 320718 320719 
17279 17280 17281 17282 17283 17284 17285 29422 29423 29424 29425 29426 29427 29428 133908 133909 133910 133911 133912 133913 133914 133915 133916 140630 140631 169879 169880 169882 172805 172806 172807 172808 172809 172810 178814 178815 178816 183779 183780 183781 183782 183783 183784 183785 183786 198090 209637 215077 215078 222575 259811 287261 287262 303084 303085 303086 315131 325177 325178 332546 
134445 134446 134447 134448 134449 134450 134451 134452 134453 134454 180536 188338 188339 212166 212167 212168 215710 215711 215712 223828 223829 232493 256116 267085 316664 323539 323540 
119959 249083 249084 249085 258768 258769 258770 258771 258772 287908 287909 287910 287911 291749 293438 297173 331968 
34303 34304 34305 34306 34307 34308 34355 93344 
123812 123813 123814 123815 123816 123817 127531 127532 127533 127534 142849 142850 192215 257621 270965 270966 270967 270968 270969 270970 312441 
85635 85636 85637 85638 85639 85640 85644 85646 100615 100616 100617 100618 100619 100620 164566 164567 164568 175797 175798 186093 186873 186874 186875 208645 230789 230790 230791 230792 239925 239927 264399 264400 264401 327081 
38502 38503 38505 38506 38507 38508 38509 38510 38511 38512 38513 38515 82626 125627 125628 125629 125630 125631 125633 125634 125635 125636 125637 125638 125639 125640 125641 125645 162295 213998 213999 214000 240376 265624 297620 297621 310037 
12905 12906 12907 12908 12909 12910 12911 12912 12913 66131 66132 66133 66134 66135 66136 118075 118076 118077 118078 223058 223059 270535 285222 
183561 183562 183563 183564 183565 183566 200393 200394 200402 200403 307450 
132929 132930 132931 132932 132933 132934 167388 256824 261523 261524 261525 271321 271322 271323 271324 292153 312908 
1814 1815 1816 1817 1818 1819 26726 26728 26729 65621 65622 65623 65624 95406 166717 166718 168818 176437 176438 176439 200055 210723 210724 210725 210726 219350 221141 221142 221143 221144 221145 221146 255110 255111 255112 255189 270536 284876 289619 291752 302508 302509 312263 316593 328418 331701 333829 
15995 15996 15997 15998 15999 33660 33661 33662 33663 38445 38446 38447 38448 38449 38450 63844 63845 63846 110024 110025 170292 170293 170294 170295 170296 170297 170298 170299 223607 242877 242878 255161 255162 255163 259095 273786 
103350 103351 103352 103353 103354 156012 156013 156014 181490 181491 181492 181493 181494 181495 181496 242206 242207 242208 296742 
33595 33596 33597 33598 33599 33600 74625 228208 228209 277932 277933 277934 277935 277936 277937 282696 282697 303272 305189 
53094 53095 53096 53097 53098 204014 204015 204016 204017 204019 273068 273069 273070 
22511 22512 22513 22514 22515 22516 38584 38585 38586 38587 38588 38589 38590 38591 38592 190051 190052 190053 190055 190056 190057 190058 190059 190060 285941 
38502 38503 38505 38506 38507 38508 38509 38510 38511 38512 38513 38515 82626 125627 125628 125629 125630 125631 125633 125634 125635 125636 125637 125638 125639 125640 125641 125645 162295 213998 213999 214000 240376 265624 297620 297621 310037 
30303 30304 30305 30306 30307 212080 303397 303398 318284 331203 332942 
46025 46026 46027 46028 46029 82159 82160 82161 82162 82163 82164 82165 82166 82167 82168 82169 82170 82171 82172 82174 192457 250535 250536 250537 250538 250539 250540 254426 254427 254428 297902 300313 300314 300315 300958 308831 308832 308833 322351 331567 
232476 270263 270264 270265 270266 270267 270268 270269 270270 327224 327225 327226 327227 327228 
11836 11837 11838 11839 11840 11841 11842 93073 93074 93075 93076 110250 110251 110252 110253 110254 118152 118153 118154 118155 130209 130210 130211 130212 130213 130214 130215 130216 151519 151520 151521 252316 261638 275816 285135 
112714 112716 112717 112718 112719 236654 236655 253838 253839 253840 253841 
6252 6253 6254 6255 6256 323297 323298 325263 325264 
5656 189832 189833 189834 189835 189836 218321 218322 223569 223570 223571 232416 261953 261954 265371 265372 265373 265374 265375 265376 270863 270864 270865 270866 292378 294599 294600 300335 
46034 46035 46036 46037 46038 46039 46040 46041 46042 46043 63480 138947 138948 171353 172678 172679 172680 188426 270877 270878 270879 270880 270881 270882 291425 300287 308395 
85635 85636 85637 85638 85639 85640 85644 85646 100615 100616 100617 100618 100619 100620 164566 164567 164568 175797 175798 186093 186873 186874 186875 208645 230789 230790 230791 230792 239925 239927 264399 264400 264401 327081 
75402 75403 75404 75405 75406 75407 98035 98036 98037 100893 100894 100895 100896 100897 100905 100906 100907 100908 100909 100910 100911 100912 100913 100914 100915 100916 100917 100918 100919 100920 100921 100922 100925 100926 100927 100928 100929 100930 101062 101063 101065 101072 163126 174834 174835 174836 174837 218924 218925 244206 244207 264575 275411 278482 278483 278484 297815 320057 328650 329852 329853 
28463 28464 28467 28468 28469 28470 28471 195523 301779 
226 227 228 230 231 69197 69198 69199 251261 251262 251263 251264 251265 258568 
14184 14185 14187 14188 90296 90297 90298 90299 90300 90301 128442 128443 128444 128445 128446 139523 145085 145086 160466 160467 160468 161690 161691 167871 167872 167873 167874 176560 176561 176562 199701 199702 204237 204238 241880 241881 305477 305478 311415 313019 327305 
4010 4011 4012 4013 10595 10596 10597 10598 10599 10600 10601 10602 10603 10604 10605 10606 52688 52689 52690 52691 52692 52693 52694 52695 52696 55811 55812 55813 73264 73265 73266 73267 73268 73357 73358 73359 73360 80175 80176 96901 96902 123095 123096 123097 123098 123099 123100 123101 123102 123103 134408 134409 134410 134411 134412 152971 152972 152973 160499 163713 163714 163715 170789 170790 170791 170792 177299 179050 179051 190516 190517 190518 212547 212548 212549 212553 212556 212557 212558 233279 233280 233281 239505 246693 246694 249274 255677 255678 271549 273687 292753 292754 293034 293035 293866 312362 313842 316621 323843 332016 332508 
21425 21426 21427 21428 21429 21430 21431 21432 21433 134999 135001 135002 
698 700 701 702 704 705 706 707 
208859 208860 208861 208862 208864 208865 208866 208867 236536 298144 298145 
1421 1422 1423 1424 1425 1426 111721 111722 111723 159527 159529 159530 159531 159535 159536 159537 
44628 44629 44630 44631 44632 168210 168211 334146 334147 
34515 34516 34517 34518 34519 34520 34521 297320 297321 297322 
168229 225206 225207 225208 225209 225210 225211 225212 314706 
9543 9544 9545 9546 9547 9548 9549 217335 
169147 169148 169149 169150 169151 190254 190255 190256 190257 203608 203610 203611 203612 221061 290968 290969 293939 
71516 71517 71518 71519 71520 71521 71522 138272 301751 
206 11702 11703 11704 11705 11706 76083 76084 76085 91715 91716 91717 95310 95311 138763 138765 138766 138767 138768 138769 138770 138771 138772 138773 138774 138775 138776 166132 248380 309623 313599 316889 316890 316891 323875 
206 11702 11703 11704 11705 11706 76083 76084 76085 91715 91716 91717 95310 95311 138763 138765 138766 138767 138768 138769 138770 138771 138772 138773 138774 138775 138776 166132 248380 309623 313599 316889 316890 316891 323875 
85967 85968 85969 85970 85971 85972 85973 98924 98925 98926 98927 98928 98929 98930 98932 98933 98934 145971 145972 145974 145975 145976 176174 176175 219343 219344 311306 330021 
6827 6828 6829 6830 6831 34094 34095 34096 34097 34098 51801 51802 51803 131697 152801 152802 152803 152804 152805 157976 157977 157978 157979 157980 186480 186481 186482 193216 199170 199171 215921 215922 215923 229872 247948 247949 247950 247951 252945 252946 252947 266041 266042 287310 287311 319534 319535 332437 333807 
112714 112716 112717 112718 112719 236654 236655 253838 253839 253840 253841 
61623 61624 61625 61626 61627 61628 89640 89642 89643 89645 
52985 52986 103904 187003 211011 211012 211013 211014 272473 272474 272475 272476 272477 272478 290256 290257 290258 320393 
252775 252776 252777 252778 252779 252780 270827 295304 320684 
23532 23533 23534 23535 23536 25282 25283 25284 76894 76895 76896 76897 148569 148570 148571 149041 149042 149043 165403 165405 165406 217211 219597 219598 219599 226714 226715 239045 265736 265737 270412 270413 270414 276638 284288 326337 327443 334087 
89316 172710 172711 172712 172713 172714 172715 204091 204092 
201077 201078 201079 201080 201081 201082 271656 271657 271658 
57794 57796 57797 57798 57799 57800 57801 57802 94198 94199 127550 157906 157907 165028 165029 165030 165033 165034 206421 206422 233335 236579 236580 236581 236582 236583 239191 251178 251179 251180 251181 251182 251183 
83156 83157 83158 83159 83160 149993 149994 302099 302100 302101 302102 
49967 49968 49969 49970 49971 49972 49973 49974 49975 49976 49977 194583 201868 241917 241918 241919 
37312 59359 59360 59361 59362 59363 59364 59365 83855 
11836 11837 11838 11839 11840 11841 11842 93073 93074 93075 93076 110250 110251 110252 110253 110254 118152 118153 118154 118155 130209 130210 130211 130212 130213 130214 130215 130216 151519 151520 151521 252316 261638 275816 285135 
147292 147293 147294 147295 147296 147297 254608 254609 254610 254611 297306 314630 314631 319396 
8547 8548 8549 8550 60005 60006 60007 60008 60009 133502 
81264 81265 81266 81267 81268 81269 81270 81271 106448 108089 108090 108091 108092 
147762 186208 186209 186210 186211 186212 186213 186214 186215 186216 186217 186218 186219 213572 213573 213574 213575 213576 213577 213578 252402 260515 260516 260517 260518 260519 276344 277603 277604 277605 300550 300551 300552 300553 300554 300555 301495 309306 312939 312940 333774 333775 334701 334745 334746 
106965 106966 106967 106968 106969 106970 158077 158078 158079 241740 262787 
244556 244557 244558 244559 244560 254707 254708 254709 254710 254711 254712 254713 254714 271181 285048 285049 
22839 25655 25656 25657 25658 25659 28916 49716 49717 49718 49719 51956 51957 51958 73407 73408 73409 73411 73413 73414 73415 73416 73417 73418 73419 73420 73421 73422 73423 73424 73426 73428 73429 97131 97132 97133 184487 184488 184489 184490 184491 200808 200809 229960 305561 306203 306204 
85635 85636 85637 85638 85639 85640 85644 85646 100615 100616 100617 100618 100619 100620 164566 164567 164568 175797 175798 186093 186873 186874 186875 208645 230789 230790 230791 230792 239925 239927 264399 264400 264401 327081 
13229 13230 13231 13232 13233 13234 13235 13236 33208 187064 187065 187066 187067 187068 187069 187070 187071 187072 300336 305956 305957 305958 
16452 16454 16456 16457 16459 16460 16463 16465 16466 16467 16469 16470 16471 16472 44575 44576 44577 44578 44579 44580 44581 44582 44583 44584 44585 44586 64762 172383 194145 210751 210752 210753 210754 
39366 53173 53174 53175 53176 53177 127270 157768 157769 157770 157771 157772 167420 167422 245170 245695 245696 245698 245699 245700 245701 245702 269661 269905 269906 269907 269908 269909 269910 279150 282140 309806 311973 
14919 14920 14921 14922 14924 14925 14927 14928 14929 14930 
29760 29761 29762 184464 184465 184466 184467 184468 184469 274173 
20081 20082 20083 20084 20085 21025 21026 21027 21028 21029 21030 54536 54537 54538 54539 54540 54541 54542 54543 54544 54545 54546 80843 80844 80845 80846 80847 293021 293022 309850 314777 322434 322540 
4507 4508 4509 4510 4511 32798 54343 54344 54345 109081 109082 109083 109084 
166741 177005 177006 177007 177008 177009 177010 177011 177012 177013 177014 177015 177016 177017 177018 177019 177020 177021 219529 219530 225761 250429 250430 
31290 62476 62477 62478 114863 114864 114865 114866 114867 114868 177737 177738 177739 192704 192705 210041 210042 210043 210044 210045 210046 210047 210048 210049 210051 210052 210053 210054 245426 283099 283100 283101 301598 302414 302415 310780 
21425 21426 21427 21428 21429 21430 21431 21432 21433 134999 135001 135002 
15899 15900 15901 15902 15903 15904 15905 72135 72136 72137 72139 72718 72719 72720 72721 72722 72723 82854 82855 82856 82857 103405 103406 103407 107723 107724 107725 107726 107727 107728 107729 122691 122692 122693 122694 122695 137315 137316 137317 137318 137319 142671 142672 142673 165425 165426 165427 188520 196120 226221 226222 292187 292188 297518 297519 
38911 38912 38913 38914 38954 38955 38957 38958 50924 50925 50926 50927 50928 50929 139655 139656 139657 139658 171817 257062 261229 287168 287169 287170 310057 312814 
38502 38503 38505 38506 38507 38508 38509 38510 38511 38512 38513 38515 82626 125627 125628 125629 125630 125631 125633 125634 125635 125636 125637 125638 125639 125640 125641 125645 162295 213998 213999 214000 240376 265624 297620 297621 310037 
137548 137549 137550 137551 259220 259221 259222 259223 
89940 89941 89942 89943 89944 89945 89946 89947 89948 89949 89988 89989 89991 90020 90021 90022 90039 90040 90054 163954 176631 176632 176633 176634 281446 281452 
26047 26050 26051 74638 91839 91840 91841 91842 91843 91844 91845 91846 91847 196072 196073 226775 226776 226777 226778 226779 226780 226781 228255 228256 228257 232741 232742 232743 239160 291662 296750 296751 298809 313408 313409 317314 319882 
53315 53316 53317 53318 53319 53320 53321 53322 100441 
46292 46293 46294 46295 46296 46297 46298 60413 60414 60415 77731 280693 
101582 101583 101584 101585 101586 101587 146320 146321 146322 146323 201249 
287279 287280 287281 287283 287284 287285 287286 287287 308599 308600 
61801 61802 61803 61804 61805 61806 61807 159427 159428 194182 194184 265682 265683 265684 265685 265686 265687 265688 325341 
34288 34289 36973 36974 36976 36977 36978 36979 36980 198114 198115 198116 198117 198118 262997 262998 
51351 51352 51353 51354 51355 51356 51357 51358 51359 51360 51361 51362 51363 51364 63507 63508 63509 63510 199613 199614 199615 199616 199617 199618 199619 241173 241174 241175 246661 246662 246663 246664 246665 314154 
55611 55612 55613 55614 91348 91349 110122 110123 110124 110125 110126 110127 149927 149928 149929 149930 149931 149932 149933 149934 149935 160455 167858 167859 183575 183576 197130 197131 197132 226992 232804 265857 265858 330151 
271993 271994 271995 271996 271997 283673 320832 325377 
15650 27534 27535 27536 27537 50160 50161 50162 50163 50164 50165 50166 50167 50168 50169 50170 50171 50172 50173 50174 50175 50176 50177 50178 88804 88805 136924 136925 136926 151937 151939 151941 171527 171528 171529 171531 171532 171533 171534 210740 210743 235545 235546 290958 299667 305646 305647 314677 314678 
89316 172710 172711 172712 172713 172714 172715 204091 204092 
229701 229702 229703 229704 229705 229706 229707 229708 229709 229710 229711 
17279 17280 17281 17282 17283 17284 17285 29422 29423 29424 29425 29426 29427 29428 133908 133909 133910 133911 133912 133913 133914 133915 133916 140630 140631 169879 169880 169882 172805 172806 172807 172808 172809 172810 178814 178815 178816 183779 183780 183781 183782 183783 183784 183785 183786 198090 209637 215077 215078 222575 259811 287261 287262 303084 303085 303086 315131 325177 325178 332546 
133325 319480 319481 319482 319483 319484 329109 329110 329111 
11689 17356 17359 17360 17361 20942 20943 20944 20945 20946 31337 31338 31339 31340 31341 31342 35267 35268 35269 35270 35271 114827 124457 124458 124459 124460 124461 130158 130159 148002 148003 148004 148005 239155 239156 239157 239158 259606 259607 259608 262815 272530 272531 272532 272533 272534 275991 275992 275993 275994 276650 295090 298599 300283 307469 307471 307472 307473 307474 320787 
1769 1770 1771 1772 1773 26730 26731 26732 26733 26734 26735 26736 26737 26738 26739 26740 26741 26742 55076 55077 55078 55079 55080 75631 75632 75633 75634 100187 100188 100189 100190 100191 100192 100193 100194 100195 100196 100198 118389 118390 118391 118392 134071 134072 140740 161961 161962 161963 161964 161965 199873 199874 199875 199876 213217 256249 261956 262941 262942 262943 262944 281950 287659 297691 297692 298256 298257 299408 302599 303586 
17286 17287 17288 17289 17290 17291 17292 221419 242518 242519 242520 242521 242522 321525 333268 
149500 149501 149502 149503 149504 167171 167172 167173 167175 167176 220289 286486 
9457 9458 9459 9460 96898 96899 110589 110590 110591 110592 110593 110594 110595 110596 110597 110598 110599 141454 141455 141456 141457 141458 170865 170868 204486 207570 207571 207572 207573 207574 207575 290781 290782 297006 309012 316123 
95203 95204 95206 95207 95208 316880 326277 326278 326682 
49633 49634 49635 49636 49637 59203 59204 59205 59206 59207 59208 59209 74766 74767 74768 96202 96203 105203 105204 105205 105206 156378 163769 163770 261948 261949 296918 301906 325193 334327 
162466 162467 162468 162469 162470 162471 162472 215402 215403 265788 265789 265795 295424 318638 
15348 15349 15350 15351 15352 15353 15354 15355 15356 15357 15358 15359 15360 126881 
63828 63829 63830 63831 63832 63833 63834 101242 
15782 15783 15784 15785 15786 176590 298245 298246 
59656 59657 59658 59659 59660 59661 59662 59663 
167094 167095 167096 167097 167098 184763 184764 217387 
137548 137549 137550 137551 259220 259221 259222 259223 
159360 159361 159363 159364 159365 159366 281058 281059 
90701 90702 90703 236259 236260 236261 236262 236263 236264 236265 320723 320724 320725 320726 
31003 31004 31005 31006 31007 144777 144778 144779 144780 144781 188004 188005 188006 209239 209240 215846 260460 260461 260462 260463 260464 260465 269331 269332 269333 269334 301294 315487 
128130 128131 128132 128133 128134 128135 142047 142048 142049 142050 142051 196979 196980 212188 212189 212190 212191 212192 276102 276103 303297 330829 
17018 17019 17020 17021 17022 96083 96084 96085 96086 114437 114438 115647 115648 115649 260112 291309 323599 
68032 68033 68034 68035 68036 68038 68039 68040 220703 220704 220705 220706 329068 
17279 17280 17281 17282 17283 17284 17285 29422 29423 29424 29425 29426 29427 29428 133908 133909 133910 133911 133912 133913 133914 133915 133916 140630 140631 169879 169880 169882 172805 172806 172807 172808 172809 172810 178814 178815 178816 183779 183780 183781 183782 183783 183784 183785 183786 198090 209637 215077 215078 222575 259811 287261 287262 303084 303085 303086 315131 325177 325178 332546 
201165 201166 201167 201168 236110 236111 236112 236113 236114 240585 240586 240587 261790 274433 274434 274435 
62147 62148 62149 62150 62151 62152 104127 104128 104129 104130 104131 104132 104133 104134 141382 141383 141384 141385 141386 303426 306696 330088 
22511 22512 22513 22514 22515 22516 38584 38585 38586 38587 38588 38589 38590 38591 38592 190051 190052 190053 190055 190056 190057 190058 190059 190060 285941 
59656 59657 59658 59659 59660 59661 59662 59663 
249321 249322 249323 249324 301066 302235 302236 302237 302238 
55611 55612 55613 55614 91348 91349 110122 110123 110124 110125 110126 110127 149927 149928 149929 149930 149931 149932 149933 149934 149935 160455 167858 167859 183575 183576 197130 197131 197132 226992 232804 265857 265858 330151 
52738 52739 52740 52741 79739 79740 79741 79743 79745 79746 79747 79748 79749 79750 79751 79752 79753 79754 79755 79757 79758 79759 79760 79761 79762 96363 96364 96365 96366 97892 97893 135134 183593 202160 234683 234684 234685 234686 243285 243286 243287 245919 285277 285278 297646 317819 327241 
220166 220167 220168 220169 220170 220171 220172 220173 315246 
28108 28109 28110 28111 28112 28113 28114 28115 28116 28117 28118 28119 28120 28121 57495 100612 100613 100614 120989 120990 120991 120992 120993 120994 120995 120996 120997 175841 175842 191050 265000 265001 265002 
201065 201066 201067 201069 201070 201071 201072 201073 201074 230210 
183561 183562 183563 183564 183565 183566 200393 200394 200402 200403 307450 
55781 164087 164088 164089 164090 164092 164093 164094 171064 283255 283256 283257 
61086 61087 61088 61089 61090 61091 75385 75386 75387 75388 75389 75390 76249 76250 76251 76252 76253 88854 92109 92110 92111 92112 94232 94233 94234 94235 94236 94237 94238 94239 94240 94241 94242 94243 94244 94245 94246 94247 141430 141431 141432 141433 148134 148135 148137 148138 148139 148140 148141 186691 186692 186693 186694 186695 186696 186697 186698 186699 186700 203467 210232 210233 212271 212272 212273 212274 212275 212276 212277 212278 212279 212280 215892 218356 218357 218358 228833 228834 228835 228836 238377 238378 238379 253645 253646 253647 253648 253649 253650 253651 253652 253653 253654 278500 278501 307089 307090 
120394 120395 120396 120397 120398 120399 266015 266016 266017 312534 312535 312536 
34288 34289 36973 36974 36976 36977 36978 36979 36980 198114 198115 198116 198117 198118 262997 262998 
30136 30138 30139 30140 30141 30142 216291 216292 216293 216294 216295 217518 239322 239323 239324 
45227 45228 45229 45230 45231 45232 45234 45235 45236 45237 45238 45239 45240 45241 45242 54381 54382 54383 54384 195220 195221 195222 195253 224589 226381 233141 324047 
