331203 303397 
323469 323465 
149502 167172 
225086 169823 
44964 101886 
242519 333268 
292153 132933 
41299 41292 
106967 106969 
79439 203701 
244559 254713 
167097 184763 
325771 172650 
331203 30305 
101586 146322 
230808 280856 
184896 144838 
133914 172808 
134454 134450 
258770 291749 
34306 34308 
257621 142850 
85635 100617 
162295 38512 
66133 12905 
200402 183563 
256824 271324 
255112 26729 
273786 63846 
181494 181496 
277937 277933 
53098 273069 
22514 190053 
125645 125628 
30307 30306 
254427 82168 
270269 327226 
130209 130210 
253839 236654 
323297 323298 
265374 261954 
46039 46042 
239925 230790 
100918 328650 
28464 28470 
226 230 
128444 128442 
10597 10601 
21430 21427 
701 706 
208861 208864 
159529 159535 
168210 44628 
34518 34521 
225209 314706 
9545 9546 
169151 293939 
71516 301751 
138767 76084 
95311 138768 
98934 219344 
51801 34098 
236654 112717 
61626 61627 
272478 52985 
252775 320684 
334087 326337 
172715 172714 
271658 271656 
236579 57798 
302099 83160 
49968 49971 
59365 59362 
118155 130216 
254608 147294 
60008 8550 
108092 106448 
213573 186212 
106966 158077 
244560 254713 
73426 97131 
164568 85639 
13232 13229 
16470 194145 
245696 282140 
14928 14922 
184467 184465 
21027 21025 
4508 4509 
177005 177013 
210041 114864 
21432 21430 
122691 72137 
50927 312814 
125628 38511 
259220 137551 
176633 89949 
239160 232742 
53318 53316 
46298 46295 
201249 101586 
308600 287281 
194184 325341 
198116 36976 
199616 51354 
55611 149932 
271996 271995 
50173 88805 
172714 172711 
229702 229710 
287261 17284 
319482 329111 
20942 114827 
261956 161963 
321525 221419 
167175 149502 
207571 297006 
95208 95206 
105205 163770 
162469 295424 
15354 15350 
63828 63834 
298246 176590 
59660 59657 
167098 184763 
137551 259220 
159361 159360 
236260 90703 
31004 144778 
128135 142047 
115647 115648 
220706 220705 
303086 133914 
236111 274435 
141382 141384 
190055 38591 
59656 59661 
301066 249321 
197130 226992 
79748 243286 
220166 220167 
28117 120990 
201072 201073 
307450 183566 
171064 283257 
238378 148135 
266017 266015 
198116 36976 
216292 30141 
45229 45227 
