331203 303397 332942 30305 
323469 323465 323468 309054 
149502 167172 149503 220289 
225086 169823 294724 225085 
44964 101886 316262 101883 
242519 333268 242521 17290 
292153 132933 271322 132929 
41299 41292 41293 41294 
106967 106969 158077 106966 
79439 203701 79437 202369 
244559 254713 244560 271181 
167097 184763 167094 184764 
325771 172650 172651 172648 
331203 30305 318284 30306 
101586 146322 101584 101583 
230808 280856 280860 236348 
184896 144838 299357 269685 
133914 172808 259811 183785 
134454 134450 215710 223828 
258770 291749 258769 331968 
34306 34308 34305 93344 
257621 142850 270970 123814 
85635 100617 186874 264401 
162295 38512 213998 125630 
66133 12905 12911 12908 
200402 183563 183561 200394 
256824 271324 132933 292153 
255112 26729 210725 270536 
273786 63846 170298 170299 
181494 181496 242207 242206 
277937 277933 277935 282697 
53098 273069 273068 204019 
22514 190053 190056 190059 
125645 125628 38511 125630 
30307 30306 318284 331203 
254427 82168 250535 46027 
270269 327226 270264 270263 
130209 130210 110252 118152 
253839 236654 112719 112718 
323297 323298 325263 6255 
265374 261954 294599 265373 
46039 46042 46035 270880 
239925 230790 186874 100615 
100918 328650 100896 100895 
28464 28470 28467 28468 
226 230 258568 251265 
128444 128442 199702 14187 
10597 10601 10596 134409 
21430 21427 21433 134999 
701 706 705 704 
208861 208864 208865 208862 
159529 159535 111723 1421 
168210 44628 44631 334146 
34518 34521 34519 34516 
225209 314706 225212 225206 
9545 9546 217335 9543 
169151 293939 169150 203612 
71516 301751 71520 71522 
138767 76084 138765 138774 
95311 138768 138763 138771 
98934 219344 85967 145975 
51801 34098 157977 131697 
236654 112717 253841 112718 
61626 61627 61623 61624 
272478 52985 211011 272475 
252775 320684 295304 252778 
334087 326337 76896 270414 
172715 172714 204091 204092 
271658 271656 201080 201079 
236579 57798 251179 157906 
302099 83160 83159 149993 
49968 49971 49969 49975 
59365 59362 83855 59360 
118155 130216 130210 11841 
254608 147294 314630 147292 
60008 8550 60007 8547 
108092 106448 81265 81264 
213573 186212 186218 213576 
106966 158077 106967 241740 
244560 254713 271181 254710 
73426 97131 305561 28916 
164568 85639 230792 230790 
13232 13229 13236 13233 
16470 194145 16452 44576 
245696 282140 245702 245701 
14928 14922 14927 14930 
184467 184465 184469 29762 
21027 21025 54539 80847 
4508 4509 109081 4507 
177005 177013 166741 250430 
210041 114864 177738 210053 
21432 21430 21428 21429 
122691 72137 15903 142671 
50927 312814 38958 139656 
125628 38511 125633 213998 
259220 137551 137550 137548 
176633 89949 176631 90022 
239160 232742 91843 226780 
53318 53316 53322 53315 
46298 46295 77731 60415 
201249 101586 101582 146322 
308600 287281 287284 287287 
194184 325341 61806 265682 
198116 36976 198115 262997 
199616 51354 51361 246662 
55611 149932 183576 330151 
271996 271995 283673 271993 
50173 88805 210740 171533 
172714 172711 204091 172713 
229702 229710 229711 229704 
287261 17284 172810 133909 
319482 329111 319484 319483 
20942 114827 276650 148003 
261956 161963 199873 26730 
321525 221419 17288 17290 
167175 149502 167171 149504 
207571 297006 170865 110595 
95208 95206 326682 95203 
105205 163770 334327 59205 
162469 295424 162471 162467 
15354 15350 15349 15359 
63828 63834 63833 63832 
298246 176590 15783 15784 
59660 59657 59662 59656 
167098 184763 167095 167094 
137551 259220 137550 259221 
159361 159360 281059 159364 
236260 90703 320725 90701 
31004 144778 260465 269333 
128135 142047 212190 142048 
115647 115648 291309 96083 
220706 220705 68035 68034 
303086 133914 29423 183784 
236111 274435 274434 236113 
141382 141384 104134 104133 
190055 38591 38585 22513 
59656 59661 59659 59657 
301066 249321 302236 249324 
197130 226992 183575 167859 
79748 243286 79749 97893 
220166 220167 220170 220171 
28117 120990 100613 28116 
201072 201073 201069 201065 
307450 183566 183561 200394 
171064 283257 164089 164087 
238378 148135 186697 186693 
266017 266015 312534 312536 
198116 36976 36973 198114 
216292 30141 30142 239322 
45229 45227 54381 45234 
