331203 303397 332942 30305 30306 30307 
323469 323465 323468 309054 301159 187586 
149502 167172 149503 220289 167171 167173 
225086 169823 294724 225085 122105 122111 
44964 101886 316262 101883 44963 194129 
242519 333268 242521 17290 17286 242518 
292153 132933 271322 132929 132932 167388 
41299 41292 41293 41294 41297 41301 
106967 106969 158077 106966 262787 106965 
79439 203701 79437 202369 79438 79440 
244559 254713 244560 271181 244556 244558 
167097 184763 167094 184764 167096 167095 
325771 172650 172651 172648 172652 172647 
331203 30305 318284 30306 303397 30307 
101586 146322 101584 101583 146320 146321 
230808 280856 280860 236348 7004 7000 
184896 144838 299357 269685 11095 11084 
133914 172808 259811 183785 29428 303085 
134454 134450 215710 223828 323539 212167 
258770 291749 258769 331968 249085 287909 
34306 34308 34305 93344 34307 34303 
257621 142850 270970 123814 127533 270967 
85635 100617 186874 264401 85640 230789 
162295 38512 213998 125630 125645 125633 
66133 12905 12911 12908 12913 12910 
200402 183563 183561 200394 183562 200393 
256824 271324 132933 292153 261525 261524 
255112 26729 210725 270536 302508 221145 
273786 63846 170298 170299 170296 170297 
181494 181496 242207 242206 181493 181491 
277937 277933 277935 282697 228208 33598 
53098 273069 273068 204019 204014 53097 
22514 190053 190056 190059 38584 285941 
125645 125628 38511 125630 240376 125631 
30307 30306 318284 331203 332942 30303 
254427 82168 250535 46027 46026 82162 
270269 327226 270264 270263 327224 232476 
130209 130210 110252 118152 11837 93076 
253839 236654 112719 112718 253840 112716 
323297 323298 325263 6255 6254 6256 
265374 261954 294599 265373 292378 232416 
46039 46042 46035 270880 46038 270881 
239925 230790 186874 100615 175797 239927 
100918 328650 100896 100895 100906 100916 
28464 28470 28467 28468 301779 28471 
226 230 258568 251265 227 69198 
128444 128442 199702 14187 305477 90296 
10597 10601 10596 134409 73358 179050 
21430 21427 21433 134999 21428 21429 
701 706 705 704 707 702 
208861 208864 208865 208862 298145 208866 
159529 159535 111723 1421 1424 1425 
168210 44628 44631 334146 334147 44629 
34518 34521 34519 34516 297322 34517 
225209 314706 225212 225206 225208 225210 
9545 9546 217335 9543 9548 9544 
169151 293939 169150 203612 190254 169147 
71516 301751 71520 71522 138272 71519 
138767 76084 138765 138774 138772 76083 
95311 138768 138763 138771 138773 11704 
98934 219344 85967 145975 98924 85969 
51801 34098 157977 131697 34095 247948 
236654 112717 253841 112718 112716 253839 
61626 61627 61623 61624 61628 89640 
272478 52985 211011 272475 272474 211013 
252775 320684 295304 252778 252777 252780 
334087 326337 76896 270414 270413 148570 
172715 172714 204091 204092 172711 172712 
271658 271656 201080 201079 201077 201081 
236579 57798 251179 157906 127550 251182 
302099 83160 83159 149993 149994 302102 
49968 49971 49969 49975 49974 201868 
59365 59362 83855 59360 59364 59361 
118155 130216 130210 11841 11839 93073 
254608 147294 314630 147292 254611 297306 
60008 8550 60007 8547 8549 60009 
108092 106448 81265 81264 81271 81267 
213573 186212 186218 213576 186211 301495 
106966 158077 106967 241740 158079 106965 
244560 254713 271181 254710 254711 244559 
73426 97131 305561 28916 73409 73413 
164568 85639 230792 230790 264401 230789 
13232 13229 13236 13233 187068 305957 
16470 194145 16452 44576 44577 172383 
245696 282140 245702 245701 279150 53175 
14928 14922 14927 14930 14929 14919 
184467 184465 184469 29762 274173 184464 
21027 21025 54539 80847 21026 293022 
4508 4509 109081 4507 4510 32798 
177005 177013 166741 250430 177006 177012 
210041 114864 177738 210053 210043 210054 
21432 21430 21428 21429 21431 135002 
122691 72137 15903 142671 292188 15904 
50927 312814 38958 139656 38913 287170 
125628 38511 125633 213998 214000 125631 
259220 137551 137550 137548 137549 259221 
176633 89949 176631 90022 90020 163954 
239160 232742 91843 226780 319882 296750 
53318 53316 53322 53315 100441 53317 
46298 46295 77731 60415 60413 60414 
201249 101586 101582 146322 101583 146320 
308600 287281 287284 287287 308599 287280 
194184 325341 61806 265682 159427 265688 
198116 36976 198115 262997 36980 198118 
199616 51354 51361 246662 241174 51359 
55611 149932 183576 330151 149934 91348 
271996 271995 283673 271993 271994 320832 
50173 88805 210740 171533 50174 171531 
172714 172711 204091 172713 172710 172715 
229702 229710 229711 229704 229708 229706 
287261 17284 172810 133909 259811 172807 
319482 329111 319484 319483 319481 319480 
20942 114827 276650 148003 259608 17356 
261956 161963 199873 26730 161961 55080 
321525 221419 17288 17290 242518 242521 
167175 149502 167171 149504 149501 167173 
207571 297006 170865 110595 290782 110597 
95208 95206 326682 95203 95207 326278 
105205 163770 334327 59205 59207 59204 
162469 295424 162471 162467 265788 162470 
15354 15350 15349 15359 15355 15351 
63828 63834 63833 63832 63830 101242 
298246 176590 15783 15784 15786 15782 
59660 59657 59662 59656 59661 59663 
167098 184763 167095 167094 184764 167096 
137551 259220 137550 259221 259222 259223 
159361 159360 281059 159364 159363 281058 
236260 90703 320725 90701 236264 320724 
31004 144778 260465 269333 188004 144781 
128135 142047 212190 142048 142049 196980 
115647 115648 291309 96083 17020 17018 
220706 220705 68035 68034 220703 220704 
303086 133914 29423 183784 29427 133912 
236111 274435 274434 236113 201165 236110 
141382 141384 104134 104133 104130 303426 
190055 38591 38585 22513 190052 190056 
59656 59661 59659 59657 59660 59662 
301066 249321 302236 249324 302235 302238 
197130 226992 183575 167859 55613 149931 
79748 243286 79749 97893 243287 79754 
220166 220167 220170 220171 220169 220172 
28117 120990 100613 28116 28120 120997 
201072 201073 201069 201065 201074 230210 
307450 183566 183561 200394 183562 183565 
171064 283257 164089 164087 164093 164088 
238378 148135 186697 186693 186700 94242 
266017 266015 312534 312536 120395 120394 
198116 36976 36973 198114 198117 36977 
216292 30141 30142 239322 30140 216294 
45229 45227 54381 45234 54384 45237 
