331203 303397 332942 30305 30306 30307 30304 30303 
323469 323465 323468 309054 301159 187586 187585 330811 
149502 167172 149503 220289 167171 167173 286486 167176 
225086 169823 294724 225085 122105 122111 122110 122107 
44964 101886 316262 101883 44963 194129 194130 101885 
242519 333268 242521 17290 17286 242518 242520 17289 
292153 132933 271322 132929 132932 167388 256824 132934 
41299 41292 41293 41294 41297 41301 41300 41298 
106967 106969 158077 106966 262787 106965 106968 158078 
79439 203701 79437 202369 79438 79440 203700 79441 
244559 254713 244560 271181 244556 244558 254711 254714 
167097 184763 167094 184764 167096 167095 167098 217387 
325771 172650 172651 172648 172652 172647 172645 172646 
331203 30305 318284 30306 303397 30307 212080 30304 
101586 146322 101584 101583 146320 146321 101585 146323 
230808 280856 280860 236348 7004 7000 280862 6996 
184896 144838 299357 269685 11095 11084 299359 144835 
133914 172808 259811 183785 29428 303085 17280 133910 
134454 134450 215710 223828 323539 212167 215711 188338 
258770 291749 258769 331968 249085 287909 258768 287911 
34306 34308 34305 93344 34307 34303 34355 34304 
257621 142850 270970 123814 127533 270967 270969 270968 
85635 100617 186874 264401 85640 230789 85638 186093 
162295 38512 213998 125630 125645 125633 125627 38509 
66133 12905 12911 12908 12913 12910 66134 118076 
200402 183563 183561 200394 183562 200393 307450 183564 
256824 271324 132933 292153 261525 261524 132932 261523 
255112 26729 210725 270536 302508 221145 1816 95406 
273786 63846 170298 170299 170296 170297 255162 33663 
181494 181496 242207 242206 181493 181491 156014 156013 
277937 277933 277935 282697 228208 33598 33596 277934 
53098 273069 273068 204019 204014 53097 53095 204016 
22514 190053 190056 190059 38584 285941 38589 22515 
125645 125628 38511 125630 240376 125631 125641 38503 
30307 30306 318284 331203 332942 30303 303397 303398 
254427 82168 250535 46027 46026 82162 250539 300958 
270269 327226 270264 270263 327224 232476 270267 327225 
130209 130210 110252 118152 11837 93076 118155 118153 
253839 236654 112719 112718 253840 112716 236655 253838 
323297 323298 325263 6255 6254 6256 6252 6253 
265374 261954 294599 265373 292378 232416 300335 223571 
46039 46042 46035 270880 46038 270881 270879 171353 
239925 230790 186874 100615 175797 239927 164567 85644 
100918 328650 100896 100895 100906 100916 98036 218925 
28464 28470 28467 28468 301779 28471 28469 195523 
226 230 258568 251265 227 69198 69197 251263 
128444 128442 199702 14187 305477 90296 90298 14185 
10597 10601 10596 134409 73358 179050 212556 10603 
21430 21427 21433 134999 21428 21429 21425 21431 
701 706 705 704 707 702 700 698 
208861 208864 208865 208862 298145 208866 208859 236536 
159529 159535 111723 1421 1424 1425 111721 159527 
168210 44628 44631 334146 334147 44629 168211 44632 
34518 34521 34519 34516 297322 34517 297320 297321 
225209 314706 225212 225206 225208 225210 225211 168229 
9545 9546 217335 9543 9548 9544 9547 9549 
169151 293939 169150 203612 190254 169147 203611 169149 
71516 301751 71520 71522 138272 71519 71518 71517 
138767 76084 138765 138774 138772 76083 138773 323875 
95311 138768 138763 138771 138773 11704 91715 76083 
98934 219344 85967 145975 98924 85969 176175 145974 
51801 34098 157977 131697 34095 247948 152801 186482 
236654 112717 253841 112718 112716 253839 253840 253838 
61626 61627 61623 61624 61628 89640 61625 89643 
272478 52985 211011 272475 272474 211013 211012 52986 
252775 320684 295304 252778 252777 252780 252779 270827 
334087 326337 76896 270414 270413 148570 76894 149043 
172715 172714 204091 204092 172711 172712 172713 172710 
271658 271656 201080 201079 201077 201081 201082 271657 
236579 57798 251179 157906 127550 251182 94199 236581 
302099 83160 83159 149993 149994 302102 83158 83157 
49968 49971 49969 49975 49974 201868 241919 49976 
59365 59362 83855 59360 59364 59361 59359 59363 
118155 130216 130210 11841 11839 93073 11842 130211 
254608 147294 314630 147292 254611 297306 147296 147295 
60008 8550 60007 8547 8549 60009 8548 60005 
108092 106448 81265 81264 81271 81267 81268 81270 
213573 186212 186218 213576 186211 301495 186214 213577 
106966 158077 106967 241740 158079 106965 106970 106969 
244560 254713 271181 254710 254711 244559 244558 254708 
73426 97131 305561 28916 73409 73413 73411 73420 
164568 85639 230792 230790 264401 230789 85635 327081 
13232 13229 13236 13233 187068 305957 187072 305958 
16470 194145 16452 44576 44577 172383 16465 44578 
245696 282140 245702 245701 279150 53175 245700 53174 
14928 14922 14927 14930 14929 14919 14921 14920 
184467 184465 184469 29762 274173 184464 29761 29760 
21027 21025 54539 80847 21026 293022 54542 21028 
4508 4509 109081 4507 4510 32798 54345 54344 
177005 177013 166741 250430 177006 177012 177018 219530 
210041 114864 177738 210053 210043 210054 210051 283100 
21432 21430 21428 21429 21431 135002 21425 21426 
122691 72137 15903 142671 292188 15904 137316 103407 
50927 312814 38958 139656 38913 287170 38954 287168 
125628 38511 125633 213998 214000 125631 38513 125630 
259220 137551 137550 137548 137549 259221 259222 259223 
176633 89949 176631 90022 90020 163954 89941 90021 
239160 232742 91843 226780 319882 296750 313409 226779 
53318 53316 53322 53315 100441 53317 53319 53320 
46298 46295 77731 60415 60413 60414 46296 46297 
201249 101586 101582 146322 101583 146320 146321 101584 
308600 287281 287284 287287 308599 287280 287286 287285 
194184 325341 61806 265682 159427 265688 194182 61805 
198116 36976 198115 262997 36980 198118 262998 34289 
199616 51354 51361 246662 241174 51359 63510 63509 
55611 149932 183576 330151 149934 91348 55612 55614 
271996 271995 283673 271993 271994 320832 271997 325377 
50173 88805 210740 171533 50174 171531 314677 50166 
172714 172711 204091 172713 172710 172715 204092 172712 
229702 229710 229711 229704 229708 229706 229709 229705 
287261 17284 172810 133909 259811 172807 183781 183780 
319482 329111 319484 319483 319481 319480 329110 329109 
20942 114827 276650 148003 259608 17356 20946 124461 
261956 161963 199873 26730 161961 55080 118390 100187 
321525 221419 17288 17290 242518 242521 17291 333268 
167175 149502 167171 149504 149501 167173 149503 167172 
207571 297006 170865 110595 290782 110597 141454 207570 
95208 95206 326682 95203 95207 326278 95204 316880 
105205 163770 334327 59205 59207 59204 105206 49636 
162469 295424 162471 162467 265788 162470 162468 318638 
15354 15350 15349 15359 15355 15351 15358 15357 
63828 63834 63833 63832 63830 101242 63831 63829 
298246 176590 15783 15784 15786 15782 15785 298245 
59660 59657 59662 59656 59661 59663 59658 59659 
167098 184763 167095 167094 184764 167096 217387 167097 
137551 259220 137550 259221 259222 259223 137549 137548 
159361 159360 281059 159364 159363 281058 159366 159365 
236260 90703 320725 90701 236264 320724 90702 320726 
31004 144778 260465 269333 188004 144781 260462 301294 
128135 142047 212190 142048 142049 196980 128133 212188 
115647 115648 291309 96083 17020 17018 114437 260112 
220706 220705 68035 68034 220703 220704 68033 68036 
303086 133914 29423 183784 29427 133912 183786 17282 
236111 274435 274434 236113 201165 236110 236112 240585 
141382 141384 104134 104133 104130 303426 62147 62150 
190055 38591 38585 22513 190052 190056 190058 22512 
59656 59661 59659 59657 59660 59662 59658 59663 
301066 249321 302236 249324 302235 302238 249322 249323 
197130 226992 183575 167859 55613 149931 149932 149929 
79748 243286 79749 97893 243287 79754 79743 96365 
220166 220167 220170 220171 220169 220172 220173 220168 
28117 120990 100613 28116 28120 120997 100612 28108 
201072 201073 201069 201065 201074 230210 201071 201066 
307450 183566 183561 200394 183562 183565 200402 183563 
171064 283257 164089 164087 164093 164088 55781 164094 
238378 148135 186697 186693 186700 94242 61088 76251 
266017 266015 312534 312536 120395 120394 120396 120398 
198116 36976 36973 198114 198117 36977 34289 198118 
216292 30141 30142 239322 30140 216294 30139 239323 
45229 45227 54381 45234 54384 45237 226381 45239 
